// MilkShape 3D ASCII

Frames: 29
Frame: 11

Meshes: 3
"Regroup06" 1 0
21
1 13.107347 -0.142856 -14.949582 0.000000 0.500000 0
1 12.382021 -6.323230 -14.292173 0.024090 0.654508 0
1 -1.711781 -0.142858 -1.518288 0.492188 0.500000 0
1 10.277125 -11.898618 -12.384410 0.094000 0.793892 0
1 6.998678 -16.323246 -9.412993 0.202888 0.904507 0
1 2.867577 -19.164047 -5.668778 0.340094 0.975527 0
1 -1.711795 -20.142967 -1.518306 0.492188 1.000000 0
1 -6.291139 -19.164049 2.632206 0.644283 0.975527 0
1 -10.422242 -16.323252 6.376423 0.781489 0.904508 0
1 -13.700691 -11.898622 9.347824 0.890376 0.793892 0
1 -15.805603 -6.323232 11.255596 0.960287 0.654508 0
1 -16.530872 -0.142858 11.912938 0.984375 0.500000 0
1 -15.805598 6.037510 11.255597 0.960287 0.345491 0
1 -13.700693 11.612893 9.347824 0.890376 0.206107 0
1 -10.422256 16.037542 6.376420 0.781489 0.095491 0
1 -6.291146 18.878332 2.632200 0.644283 0.024472 0
1 -1.711795 19.857216 -1.518301 0.492188 0.000000 0
1 2.867570 18.878345 -5.668787 0.340094 0.024472 0
1 6.998671 16.037556 -9.413008 0.202887 0.095491 0
1 10.277122 11.612903 -12.384413 0.094000 0.206107 0
1 12.382022 6.037519 -14.292175 0.024090 0.345491 0
1
-0.000000 0.000000 0.000000
20
1 0 1 2 0 0 0 1
1 1 3 2 0 0 0 1
1 3 4 2 0 0 0 1
1 4 5 2 0 0 0 1
1 5 6 2 0 0 0 1
1 6 7 2 0 0 0 1
1 7 8 2 0 0 0 1
1 8 9 2 0 0 0 1
1 9 10 2 0 0 0 1
1 10 11 2 0 0 0 1
1 11 12 2 0 0 0 1
1 12 13 2 0 0 0 1
1 13 14 2 0 0 0 1
1 14 15 2 0 0 0 1
1 15 16 2 0 0 0 1
1 16 17 2 0 0 0 1
1 17 18 2 0 0 0 1
1 18 19 2 0 0 0 1
1 19 20 2 0 0 0 1
1 20 0 2 0 0 0 1
"Regroup04" 0 1
63
0 13.107347 -0.142856 -14.949582 0.000000 1.000000 0
0 14.954086 -0.142855 -12.911889 0.000000 0.500000 0
0 14.228779 -6.323223 -12.254491 0.050000 0.500000 0
0 12.382021 -6.323230 -14.292173 0.050000 1.000000 0
0 16.800934 -0.142855 -10.874288 0.000000 0.000000 0
0 16.075636 -6.323227 -10.216908 0.050000 0.000000 0
0 10.277125 -11.898618 -12.384410 0.100000 1.000000 0
0 12.123899 -11.898622 -10.346736 0.100000 0.500000 0
0 13.970755 -11.898617 -8.309132 0.100000 0.000000 0
0 8.845463 -16.323257 -7.375332 0.150000 0.500000 0
0 6.998678 -16.323246 -9.412993 0.150000 1.000000 0
0 10.692292 -16.323257 -5.337721 0.150000 0.000000 0
0 2.867577 -19.164047 -5.668778 0.200000 1.000000 0
0 4.714375 -19.164059 -3.631133 0.200000 0.500000 0
0 6.561210 -19.164063 -1.593502 0.200000 0.000000 0
0 0.135023 -20.142982 0.519344 0.250000 0.500000 0
0 -1.711795 -20.142967 -1.518306 0.250000 1.000000 0
0 1.981837 -20.142925 2.556986 0.250000 0.000000 0
0 -6.291139 -19.164049 2.632206 0.300000 1.000000 0
0 -4.444312 -19.164059 4.669827 0.300000 0.500000 0
0 -2.597524 -19.164036 6.707480 0.300000 0.000000 0
0 -8.575401 -16.323263 8.414042 0.350000 0.500000 0
0 -10.422242 -16.323252 6.376423 0.350000 1.000000 0
0 -6.728619 -16.323257 10.451693 0.350000 0.000000 0
0 -13.700691 -11.898622 9.347824 0.400000 1.000000 0
0 -11.853846 -11.898624 11.385437 0.400000 0.500000 0
0 -10.007076 -11.898611 13.423113 0.400000 0.000000 0
0 -13.958730 -6.323224 13.293197 0.450000 0.500000 0
0 -15.805603 -6.323232 11.255596 0.450000 1.000000 0
0 -12.111959 -6.323227 15.330863 0.450000 0.000000 0
0 -16.530872 -0.142858 11.912938 0.500000 1.000000 0
0 -14.684055 -0.142857 13.950587 0.500000 0.500000 0
0 -12.837276 -0.142857 15.988266 0.500000 0.000000 0
0 -13.958728 6.037517 13.293191 0.550000 0.500000 0
0 -15.805598 6.037510 11.255597 0.550000 1.000000 0
0 -12.111962 6.037513 15.330863 0.550000 0.000000 0
0 -13.700693 11.612893 9.347824 0.600000 1.000000 0
0 -11.853857 11.612911 11.385443 0.600000 0.500000 0
0 -10.007083 11.612911 13.423104 0.600000 0.000000 0
0 -8.575408 16.037544 8.414029 0.650000 0.500000 0
0 -10.422256 16.037542 6.376420 0.650000 1.000000 0
0 -6.728640 16.037540 10.451691 0.650000 0.000000 0
0 -6.291146 18.878332 2.632200 0.700000 1.000000 0
0 -4.444320 18.878338 4.669829 0.700000 0.500000 0
0 -2.597530 18.878319 6.707473 0.700000 0.000000 0
0 0.135027 19.857258 0.519352 0.750000 0.500000 0
0 -1.711795 19.857216 -1.518301 0.750000 1.000000 0
0 1.981838 19.857231 2.556989 0.750000 0.000000 0
0 2.867570 18.878345 -5.668787 0.800000 1.000000 0
0 4.714368 18.878338 -3.631133 0.800000 0.500000 0
0 6.561186 18.878319 -1.593519 0.800000 0.000000 0
0 8.845456 16.037546 -7.375338 0.850000 0.500000 0
0 6.998671 16.037556 -9.413008 0.850000 1.000000 0
0 10.692303 16.037542 -5.337736 0.850000 0.000000 0
0 10.277122 11.612903 -12.384413 0.900000 1.000000 0
0 12.123897 11.612914 -10.346742 0.900000 0.500000 0
0 13.970728 11.612917 -8.309136 0.900000 0.000000 0
0 14.228775 6.037519 -12.254499 0.950000 0.500000 0
0 12.382022 6.037519 -14.292175 0.950000 1.000000 0
0 16.075634 6.037516 -10.216909 0.950000 0.000000 0
0 13.107347 -0.142856 -14.949582 1.000000 1.000000 0
0 14.954086 -0.142855 -12.911889 1.000000 0.500000 0
0 16.800934 -0.142855 -10.874288 1.000000 0.000000 0
1
-0.000000 0.000000 0.000000
80
0 0 1 2 0 0 0 1
0 0 2 3 0 0 0 1
0 1 4 2 0 0 0 1
0 4 5 2 0 0 0 1
0 3 2 6 0 0 0 1
0 2 7 6 0 0 0 1
0 2 5 8 0 0 0 1
0 2 8 7 0 0 0 1
0 6 7 9 0 0 0 1
0 6 9 10 0 0 0 1
0 7 8 9 0 0 0 1
0 8 11 9 0 0 0 1
0 10 9 12 0 0 0 1
0 9 13 12 0 0 0 1
0 9 11 14 0 0 0 1
0 9 14 13 0 0 0 1
0 12 13 15 0 0 0 1
0 12 15 16 0 0 0 1
0 13 14 15 0 0 0 1
0 14 17 15 0 0 0 1
0 16 15 18 0 0 0 1
0 15 19 18 0 0 0 1
0 15 17 20 0 0 0 1
0 15 20 19 0 0 0 1
0 18 19 21 0 0 0 1
0 18 21 22 0 0 0 1
0 19 20 21 0 0 0 1
0 20 23 21 0 0 0 1
0 22 21 24 0 0 0 1
0 21 25 24 0 0 0 1
0 21 23 26 0 0 0 1
0 21 26 25 0 0 0 1
0 24 25 27 0 0 0 1
0 24 27 28 0 0 0 1
0 25 26 27 0 0 0 1
0 26 29 27 0 0 0 1
0 28 27 30 0 0 0 1
0 27 31 30 0 0 0 1
0 27 29 32 0 0 0 1
0 27 32 31 0 0 0 1
0 30 31 33 0 0 0 1
0 30 33 34 0 0 0 1
0 31 32 33 0 0 0 1
0 32 35 33 0 0 0 1
0 34 33 36 0 0 0 1
0 33 37 36 0 0 0 1
0 33 35 38 0 0 0 1
0 33 38 37 0 0 0 1
0 36 37 39 0 0 0 1
0 36 39 40 0 0 0 1
0 37 38 39 0 0 0 1
0 38 41 39 0 0 0 1
0 40 39 42 0 0 0 1
0 39 43 42 0 0 0 1
0 39 41 44 0 0 0 1
0 39 44 43 0 0 0 1
0 42 43 45 0 0 0 1
0 42 45 46 0 0 0 1
0 43 44 45 0 0 0 1
0 44 47 45 0 0 0 1
0 46 45 48 0 0 0 1
0 45 49 48 0 0 0 1
0 45 47 50 0 0 0 1
0 45 50 49 0 0 0 1
0 48 49 51 0 0 0 1
0 48 51 52 0 0 0 1
0 49 50 51 0 0 0 1
0 50 53 51 0 0 0 1
0 52 51 54 0 0 0 1
0 51 55 54 0 0 0 1
0 51 53 56 0 0 0 1
0 51 56 55 0 0 0 1
0 54 55 57 0 0 0 1
0 54 57 58 0 0 0 1
0 55 56 57 0 0 0 1
0 56 59 57 0 0 0 1
0 58 57 60 0 0 0 1
0 57 61 60 0 0 0 1
0 57 59 62 0 0 0 1
0 57 62 61 0 0 0 1
"Regroup08" 0 0
21
0 16.800934 -0.142855 -10.874288 0.000000 0.507813 0
0 1.981830 -0.142856 2.556977 0.500000 0.507813 0
0 16.075636 -6.323227 -10.216908 0.024472 0.659907 0
0 13.970755 -11.898617 -8.309132 0.095491 0.797114 0
0 10.692292 -16.323257 -5.337721 0.206107 0.906001 0
0 6.561210 -19.164063 -1.593502 0.345491 0.975911 0
0 1.981837 -20.142925 2.556986 0.500000 1.000000 0
0 -2.597524 -19.164036 6.707480 0.654508 0.975910 0
0 -6.728619 -16.323257 10.451693 0.793893 0.906001 0
0 -10.007076 -11.898611 13.423113 0.904508 0.797113 0
0 -12.111959 -6.323227 15.330863 0.975527 0.659907 0
0 -12.837276 -0.142857 15.988266 1.000000 0.507813 0
0 -12.111962 6.037513 15.330863 0.975527 0.355718 0
0 -10.007083 11.612911 13.423104 0.904508 0.218512 0
0 -6.728640 16.037540 10.451691 0.793893 0.109625 0
0 -2.597530 18.878319 6.707473 0.654508 0.039715 0
0 1.981838 19.857231 2.556989 0.500000 0.015625 0
0 6.561186 18.878319 -1.593519 0.345491 0.039715 0
0 10.692303 16.037542 -5.337736 0.206107 0.109625 0
0 13.970728 11.612917 -8.309136 0.095492 0.218512 0
0 16.075634 6.037516 -10.216909 0.024472 0.355718 0
1
-0.000000 0.000000 0.000000
20
0 0 1 2 0 0 0 1
0 2 1 3 0 0 0 1
0 3 1 4 0 0 0 1
0 4 1 5 0 0 0 1
0 5 1 6 0 0 0 1
0 6 1 7 0 0 0 1
0 7 1 8 0 0 0 1
0 8 1 9 0 0 0 1
0 9 1 10 0 0 0 1
0 10 1 11 0 0 0 1
0 11 1 12 0 0 0 1
0 12 1 13 0 0 0 1
0 13 1 14 0 0 0 1
0 14 1 15 0 0 0 1
0 15 1 16 0 0 0 1
0 16 1 17 0 0 0 1
0 17 1 18 0 0 0 1
0 18 1 19 0 0 0 1
0 19 1 20 0 0 0 1
0 20 1 0 0 0 0 1
