Materials: 3
"CoinFront"
1.000000 1.000000 1.000000 1.000000
0.800000 0.800000 0.800000 1.000000
1.000000 1.000000 0.000000 1.000000
1.000000 1.000000 1.000000 1.000000
128.000000
1.000000
".\coin main.png"
""
"Material04"
1.000000 0.501961 0.000000 1.000000
0.650980 0.521569 0.082353 1.000000
0.945098 0.925490 0.054902 1.000000
0.576471 0.447059 0.050980 1.000000
0.000000
1.000000
".\sphere gold.png"
""
"Material05"
0.200000 0.200000 0.200000 1.000000
0.800000 0.800000 0.800000 1.000000
0.000000 0.000000 0.000000 1.000000
1.000000 1.000000 0.000000 1.000000
0.000000
1.000000
".\sphere gold.png"
""