// MilkShape 3D ASCII

Frames: 30
Frame: 1

Meshes: 12
"cells" 0 1
55
0 0.000000 -30.535534 0.000000 0.031458 0.053723 -1
0 32.071068 1.535534 0.000000 0.044719 0.040459 -1
0 0.000000 -27.707108 0.000000 0.031458 0.052554 -1
0 29.242641 1.535534 0.000000 0.043549 0.040459 -1
0 19.000000 14.606602 0.000000 0.039314 0.035053 -1
0 19.000000 11.778175 0.000000 0.039314 0.036223 -1
0 11.000000 6.606601 0.000000 0.036343 0.038362 -1
0 9.000000 1.778174 0.000000 0.035516 0.040283 -1
0 11.000000 30.535534 0.000000 0.036343 0.028465 -1
0 9.000000 28.535534 0.000000 0.035516 0.029292 -1
0 -11.000000 30.535534 0.000000 0.026572 0.028465 -1
0 -9.000000 28.535534 0.000000 0.027399 0.029292 -1
0 -11.000000 6.606601 0.000000 0.026572 0.038362 -1
0 -9.000000 1.778174 0.000000 0.027399 0.040283 -1
0 -19.000000 14.606602 0.000000 0.023601 0.035053 -1
0 -19.000000 11.778175 0.000000 0.023601 0.036223 -1
0 -32.071068 1.535534 0.000000 0.018196 0.040459 -1
0 -29.242641 1.535534 0.000000 0.019366 0.040459 -1
0 0.000000 -27.707108 0.000000 0.500000 0.936456 -1
0 29.242641 1.535534 0.000000 0.950939 0.485414 -1
0 0.000000 -23.464466 0.000000 0.500000 0.871017 -1
0 25.000000 1.535534 0.000000 0.885515 0.485414 -1
0 19.000000 11.778175 0.000000 0.792992 0.327431 -1
0 19.000000 7.535534 0.000000 0.792992 0.392870 -1
0 9.000000 1.778174 0.000000 0.651355 0.478852 -1
0 6.000000 -5.464466 0.000000 0.592524 0.593383 -1
0 9.000000 28.535534 0.000000 0.651355 0.068964 -1
0 6.000000 25.535534 0.000000 0.592524 0.115236 -1
0 -9.000000 28.535534 0.000000 0.348646 0.068964 -1
0 -6.000000 25.535534 0.000000 0.407477 0.115236 -1
0 -9.000000 1.778174 0.000000 0.348646 0.478852 -1
0 -6.000000 -5.464466 0.000000 0.407477 0.593383 -1
0 -19.000000 11.778175 0.000000 0.207009 0.327431 -1
0 -19.000000 7.535534 0.000000 0.207009 0.392870 -1
0 -29.242641 1.535534 0.000000 0.049061 0.485414 -1
0 -25.000000 1.535534 0.000000 0.114485 0.485414 -1
0 0.003530 -22.902859 0.000000 0.503354 0.849639 -1
0 24.219559 1.328472 0.000000 0.862324 0.490267 -1
0 19.000000 6.535535 0.000000 0.784931 0.413042 -1
0 0.003530 -12.436480 0.000000 0.503354 0.694413 -1
0 0.006654 -6.784440 0.000000 0.500000 0.612434 -1
0 -18.986691 6.535535 0.000000 0.221776 0.413042 -1
0 -24.206251 1.328476 0.000000 0.144383 0.490267 -1
0 5.932364 -0.849203 0.000000 0.591481 0.520812 -1
0 -5.928834 -0.849203 0.000000 0.408520 0.520812 -1
0 5.932364 4.333227 0.000000 0.591481 0.442263 -1
0 5.932364 14.214357 0.000000 0.591481 0.289855 -1
0 5.932364 8.385644 0.000000 0.591481 0.379758 -1
0 -5.928834 8.385642 0.000000 0.408520 0.379758 -1
0 -5.928834 14.214358 0.000000 0.408520 0.289855 -1
0 -5.928834 4.333227 0.000000 0.408520 0.442262 -1
0 -5.928834 18.621178 0.000000 0.408520 0.221884 -1
0 -5.928834 24.449894 0.000000 0.408520 0.131981 -1
0 5.932364 18.621178 0.000000 0.591481 0.221884 -1
0 5.932364 24.449894 0.000000 0.591481 0.131981 -1
1
0.000000 0.000000 1.000000
70
0 0 1 2 0 0 0 1
0 1 3 2 0 0 0 1
0 1 4 3 0 0 0 1
0 4 5 3 0 0 0 1
0 4 6 5 0 0 0 1
0 6 7 5 0 0 0 1
0 6 8 7 0 0 0 1
0 8 9 7 0 0 0 1
0 8 10 9 0 0 0 1
0 10 11 9 0 0 0 1
0 10 12 11 0 0 0 1
0 12 13 11 0 0 0 1
0 12 14 13 0 0 0 1
0 14 15 13 0 0 0 1
0 14 16 15 0 0 0 1
0 16 17 15 0 0 0 1
0 16 0 17 0 0 0 1
0 0 2 17 0 0 0 1
0 18 19 20 0 0 0 6
0 19 21 20 0 0 0 6
0 19 22 21 0 0 0 6
0 22 23 21 0 0 0 6
0 22 24 23 0 0 0 6
0 24 25 23 0 0 0 6
0 24 26 25 0 0 0 6
0 26 27 25 0 0 0 6
0 26 28 27 0 0 0 6
0 28 29 27 0 0 0 6
0 28 30 29 0 0 0 6
0 30 31 29 0 0 0 6
0 30 32 31 0 0 0 6
0 32 33 31 0 0 0 6
0 32 34 33 0 0 0 6
0 34 35 33 0 0 0 6
0 34 18 35 0 0 0 6
0 18 20 35 0 0 0 6
0 36 20 21 0 0 0 1
0 36 21 37 0 0 0 1
0 37 21 23 0 0 0 1
0 37 23 38 0 0 0 1
0 39 38 23 0 0 0 1
0 25 40 39 0 0 0 1
0 23 25 39 0 0 0 1
0 33 41 39 0 0 0 1
0 39 40 31 0 0 0 1
0 39 31 33 0 0 0 1
0 41 33 35 0 0 0 1
0 41 35 42 0 0 0 1
0 42 35 20 0 0 0 1
0 42 20 36 0 0 0 1
0 25 43 40 0 0 0 1
0 40 44 31 0 0 0 1
0 45 43 25 0 0 0 1
0 25 46 47 0 0 0 1
0 25 47 45 0 0 0 1
0 48 49 31 0 0 0 1
0 31 44 50 0 0 0 1
0 31 50 48 0 0 0 1
0 51 52 29 0 0 0 1
0 29 49 51 0 0 0 1
0 53 46 27 0 0 0 1
0 27 54 53 0 0 0 1
0 27 46 25 0 0 0 1
0 31 49 29 0 0 0 1
0 29 52 54 0 0 0 1
0 29 54 27 0 0 0 1
0 51 49 46 0 0 0 1
0 51 46 53 0 0 0 1
0 47 48 50 0 0 0 1
0 47 50 45 0 0 0 1
"scroller" 0 0
24
0 0.003530 -12.436480 0.000000 0.664104 0.735058 -1
0 0.003530 -22.902859 0.000000 0.820240 0.891194 -1
0 24.219559 1.328472 0.000000 0.806601 0.181875 -1
0 19.000000 6.535535 0.000000 0.653930 0.179190 -1
0 5.932364 4.333227 0.000000 0.499031 0.399797 -1
0 0.003530 4.333227 0.000000 0.413937 0.484891 -1
0 0.006654 -6.784440 0.000000 0.579721 0.650956 -1
0 5.932364 -0.849203 0.000000 0.576341 0.477107 -1
0 5.932364 24.449894 0.000000 0.198934 0.099699 -1
0 0.003530 24.449894 0.000000 0.113840 0.184793 -1
0 0.003530 18.621178 0.000000 0.200791 0.271745 -1
0 5.932364 18.621178 0.000000 0.285886 0.186651 -1
0 5.932364 14.214357 0.000000 0.351626 0.252391 -1
0 0.003530 14.214358 0.000000 0.266532 0.337486 -1
0 0.003530 8.385642 0.000000 0.353483 0.424438 -1
0 5.932364 8.385644 0.000000 0.438578 0.339343 -1
0 -24.206251 1.328476 0.000000 0.806601 0.181875 -1
0 -18.986691 6.535535 0.000000 0.653930 0.179190 -1
0 -5.928834 4.333227 0.000000 0.499031 0.399797 -1
0 -5.928834 -0.849203 0.000000 0.576341 0.477107 -1
0 -5.928834 24.449894 0.000000 0.198934 0.099699 -1
0 -5.928834 18.621178 0.000000 0.285886 0.186651 -1
0 -5.928834 14.214358 0.000000 0.351626 0.252391 -1
0 -5.928834 8.385642 0.000000 0.438578 0.339343 -1
1
0.000000 0.000000 1.000000
16
0 0 1 2 0 0 0 1
0 0 2 3 0 0 0 1
0 4 5 6 0 0 0 1
0 4 6 7 0 0 0 1
0 8 9 10 0 0 0 1
0 8 10 11 0 0 0 1
0 12 13 14 0 0 0 1
0 12 14 15 0 0 0 1
0 1 0 16 0 0 0 1
0 16 0 17 0 0 0 1
0 5 18 6 0 0 0 1
0 6 18 19 0 0 0 1
0 9 20 10 0 0 0 1
0 10 20 21 0 0 0 1
0 13 22 14 0 0 0 1
0 14 22 23 0 0 0 1
"Duplicate15" 0 1
55
0 0.000000 -30.535534 2.000000 0.031458 0.053723 -1
0 32.071068 1.535534 2.000000 0.044719 0.040459 -1
0 0.000000 -27.707108 2.000000 0.031458 0.052554 -1
0 29.242641 1.535534 2.000000 0.043549 0.040459 -1
0 19.000000 14.606602 2.000000 0.039314 0.035053 -1
0 19.000000 11.778175 2.000000 0.039314 0.036223 -1
0 11.000000 6.606601 2.000000 0.036343 0.038362 -1
0 9.000000 1.778174 2.000000 0.035516 0.040283 -1
0 11.000000 30.535534 2.000000 0.036343 0.028465 -1
0 9.000000 28.535534 2.000000 0.035516 0.029292 -1
0 -11.000000 30.535534 2.000000 0.026572 0.028465 -1
0 -9.000000 28.535534 2.000000 0.027399 0.029292 -1
0 -11.000000 6.606601 2.000000 0.026572 0.038362 -1
0 -9.000000 1.778174 2.000000 0.027399 0.040283 -1
0 -19.000000 14.606602 2.000000 0.023601 0.035053 -1
0 -19.000000 11.778175 2.000000 0.023601 0.036223 -1
0 -32.071068 1.535534 2.000000 0.018196 0.040459 -1
0 -29.242641 1.535534 2.000000 0.019366 0.040459 -1
0 0.000000 -27.707108 2.000000 0.500000 0.936456 -1
0 29.242641 1.535534 2.000000 0.950939 0.485414 -1
0 0.000000 -23.464466 2.000000 0.500000 0.871017 -1
0 25.000000 1.535534 2.000000 0.885515 0.485414 -1
0 19.000000 11.778175 2.000000 0.792992 0.327431 -1
0 19.000000 7.535534 2.000000 0.792992 0.392870 -1
0 9.000000 1.778174 2.000000 0.651355 0.478852 -1
0 6.000000 -5.464466 2.000000 0.592524 0.593383 -1
0 9.000000 28.535534 2.000000 0.651355 0.068964 -1
0 6.000000 25.535534 2.000000 0.592524 0.115236 -1
0 -9.000000 28.535534 2.000000 0.348646 0.068964 -1
0 -6.000000 25.535534 2.000000 0.407477 0.115236 -1
0 -9.000000 1.778174 2.000000 0.348646 0.478852 -1
0 -6.000000 -5.464466 2.000000 0.407477 0.593383 -1
0 -19.000000 11.778175 2.000000 0.207009 0.327431 -1
0 -19.000000 7.535534 2.000000 0.207009 0.392870 -1
0 -29.242641 1.535534 2.000000 0.049061 0.485414 -1
0 -25.000000 1.535534 2.000000 0.114485 0.485414 -1
0 0.003530 -22.902859 2.000000 0.503354 0.849639 -1
0 24.219559 1.328472 2.000000 0.862324 0.490267 -1
0 19.000000 6.535535 2.000000 0.784931 0.413042 -1
0 0.003530 -12.436480 2.000000 0.503354 0.694413 -1
0 0.006654 -6.784440 2.000000 0.500000 0.612434 -1
0 -18.986691 6.535535 2.000000 0.221776 0.413042 -1
0 -24.206251 1.328476 2.000000 0.144383 0.490267 -1
0 5.932364 -0.849203 2.000000 0.591481 0.520812 -1
0 -5.928834 -0.849203 2.000000 0.408520 0.520812 -1
0 5.932364 4.333227 2.000000 0.591481 0.442263 -1
0 5.932364 14.214357 2.000000 0.591481 0.289855 -1
0 5.932364 8.385644 2.000000 0.591481 0.379758 -1
0 -5.928834 8.385642 2.000000 0.408520 0.379758 -1
0 -5.928834 14.214358 2.000000 0.408520 0.289855 -1
0 -5.928834 4.333227 2.000000 0.408520 0.442262 -1
0 -5.928834 18.621178 2.000000 0.408520 0.221884 -1
0 -5.928834 24.449894 2.000000 0.408520 0.131981 -1
0 5.932364 18.621178 2.000000 0.591481 0.221884 -1
0 5.932364 24.449894 2.000000 0.591481 0.131981 -1
1
0.000000 0.000000 1.000000
70
0 0 1 2 0 0 0 1
0 1 3 2 0 0 0 1
0 1 4 3 0 0 0 1
0 4 5 3 0 0 0 1
0 4 6 5 0 0 0 1
0 6 7 5 0 0 0 1
0 6 8 7 0 0 0 1
0 8 9 7 0 0 0 1
0 8 10 9 0 0 0 1
0 10 11 9 0 0 0 1
0 10 12 11 0 0 0 1
0 12 13 11 0 0 0 1
0 12 14 13 0 0 0 1
0 14 15 13 0 0 0 1
0 14 16 15 0 0 0 1
0 16 17 15 0 0 0 1
0 16 0 17 0 0 0 1
0 0 2 17 0 0 0 1
0 18 19 20 0 0 0 6
0 19 21 20 0 0 0 6
0 19 22 21 0 0 0 6
0 22 23 21 0 0 0 6
0 22 24 23 0 0 0 6
0 24 25 23 0 0 0 6
0 24 26 25 0 0 0 6
0 26 27 25 0 0 0 6
0 26 28 27 0 0 0 6
0 28 29 27 0 0 0 6
0 28 30 29 0 0 0 6
0 30 31 29 0 0 0 6
0 30 32 31 0 0 0 6
0 32 33 31 0 0 0 6
0 32 34 33 0 0 0 6
0 34 35 33 0 0 0 6
0 34 18 35 0 0 0 6
0 18 20 35 0 0 0 6
0 36 20 21 0 0 0 1
0 36 21 37 0 0 0 1
0 37 21 23 0 0 0 1
0 37 23 38 0 0 0 1
0 39 38 23 0 0 0 1
0 25 40 39 0 0 0 1
0 23 25 39 0 0 0 1
0 33 41 39 0 0 0 1
0 39 40 31 0 0 0 1
0 39 31 33 0 0 0 1
0 41 33 35 0 0 0 1
0 41 35 42 0 0 0 1
0 42 35 20 0 0 0 1
0 42 20 36 0 0 0 1
0 25 43 40 0 0 0 1
0 40 44 31 0 0 0 1
0 45 43 25 0 0 0 1
0 25 46 47 0 0 0 1
0 25 47 45 0 0 0 1
0 48 49 31 0 0 0 1
0 31 44 50 0 0 0 1
0 31 50 48 0 0 0 1
0 51 52 29 0 0 0 1
0 29 49 51 0 0 0 1
0 53 46 27 0 0 0 1
0 27 54 53 0 0 0 1
0 27 46 25 0 0 0 1
0 31 49 29 0 0 0 1
0 29 52 54 0 0 0 1
0 29 54 27 0 0 0 1
0 51 49 46 0 0 0 1
0 51 46 53 0 0 0 1
0 47 48 50 0 0 0 1
0 47 50 45 0 0 0 1
"Duplicate16" 0 1
55
0 0.000000 -30.535534 4.000000 0.031458 0.053723 -1
0 32.071068 1.535534 4.000000 0.044719 0.040459 -1
0 0.000000 -27.707108 4.000000 0.031458 0.052554 -1
0 29.242641 1.535534 4.000000 0.043549 0.040459 -1
0 19.000000 14.606602 4.000000 0.039314 0.035053 -1
0 19.000000 11.778175 4.000000 0.039314 0.036223 -1
0 11.000000 6.606601 4.000000 0.036343 0.038362 -1
0 9.000000 1.778174 4.000000 0.035516 0.040283 -1
0 11.000000 30.535534 4.000000 0.036343 0.028465 -1
0 9.000000 28.535534 4.000000 0.035516 0.029292 -1
0 -11.000000 30.535534 4.000000 0.026572 0.028465 -1
0 -9.000000 28.535534 4.000000 0.027399 0.029292 -1
0 -11.000000 6.606601 4.000000 0.026572 0.038362 -1
0 -9.000000 1.778174 4.000000 0.027399 0.040283 -1
0 -19.000000 14.606602 4.000000 0.023601 0.035053 -1
0 -19.000000 11.778175 4.000000 0.023601 0.036223 -1
0 -32.071068 1.535534 4.000000 0.018196 0.040459 -1
0 -29.242641 1.535534 4.000000 0.019366 0.040459 -1
0 0.000000 -27.707108 4.000000 0.500000 0.936456 -1
0 29.242641 1.535534 4.000000 0.950939 0.485414 -1
0 0.000000 -23.464466 4.000000 0.500000 0.871017 -1
0 25.000000 1.535534 4.000000 0.885515 0.485414 -1
0 19.000000 11.778175 4.000000 0.792992 0.327431 -1
0 19.000000 7.535534 4.000000 0.792992 0.392870 -1
0 9.000000 1.778174 4.000000 0.651355 0.478852 -1
0 6.000000 -5.464466 4.000000 0.592524 0.593383 -1
0 9.000000 28.535534 4.000000 0.651355 0.068964 -1
0 6.000000 25.535534 4.000000 0.592524 0.115236 -1
0 -9.000000 28.535534 4.000000 0.348646 0.068964 -1
0 -6.000000 25.535534 4.000000 0.407477 0.115236 -1
0 -9.000000 1.778174 4.000000 0.348646 0.478852 -1
0 -6.000000 -5.464466 4.000000 0.407477 0.593383 -1
0 -19.000000 11.778175 4.000000 0.207009 0.327431 -1
0 -19.000000 7.535534 4.000000 0.207009 0.392870 -1
0 -29.242641 1.535534 4.000000 0.049061 0.485414 -1
0 -25.000000 1.535534 4.000000 0.114485 0.485414 -1
0 0.003530 -22.902859 4.000000 0.503354 0.849639 -1
0 24.219559 1.328472 4.000000 0.862324 0.490267 -1
0 19.000000 6.535535 4.000000 0.784931 0.413042 -1
0 0.003530 -12.436480 4.000000 0.503354 0.694413 -1
0 0.006654 -6.784440 4.000000 0.500000 0.612434 -1
0 -18.986691 6.535535 4.000000 0.221776 0.413042 -1
0 -24.206251 1.328476 4.000000 0.144383 0.490267 -1
0 5.932364 -0.849203 4.000000 0.591481 0.520812 -1
0 -5.928834 -0.849203 4.000000 0.408520 0.520812 -1
0 5.932364 4.333227 4.000000 0.591481 0.442263 -1
0 5.932364 14.214357 4.000000 0.591481 0.289855 -1
0 5.932364 8.385644 4.000000 0.591481 0.379758 -1
0 -5.928834 8.385642 4.000000 0.408520 0.379758 -1
0 -5.928834 14.214358 4.000000 0.408520 0.289855 -1
0 -5.928834 4.333227 4.000000 0.408520 0.442262 -1
0 -5.928834 18.621178 4.000000 0.408520 0.221884 -1
0 -5.928834 24.449894 4.000000 0.408520 0.131981 -1
0 5.932364 18.621178 4.000000 0.591481 0.221884 -1
0 5.932364 24.449894 4.000000 0.591481 0.131981 -1
1
0.000000 0.000000 1.000000
70
0 0 1 2 0 0 0 1
0 1 3 2 0 0 0 1
0 1 4 3 0 0 0 1
0 4 5 3 0 0 0 1
0 4 6 5 0 0 0 1
0 6 7 5 0 0 0 1
0 6 8 7 0 0 0 1
0 8 9 7 0 0 0 1
0 8 10 9 0 0 0 1
0 10 11 9 0 0 0 1
0 10 12 11 0 0 0 1
0 12 13 11 0 0 0 1
0 12 14 13 0 0 0 1
0 14 15 13 0 0 0 1
0 14 16 15 0 0 0 1
0 16 17 15 0 0 0 1
0 16 0 17 0 0 0 1
0 0 2 17 0 0 0 1
0 18 19 20 0 0 0 6
0 19 21 20 0 0 0 6
0 19 22 21 0 0 0 6
0 22 23 21 0 0 0 6
0 22 24 23 0 0 0 6
0 24 25 23 0 0 0 6
0 24 26 25 0 0 0 6
0 26 27 25 0 0 0 6
0 26 28 27 0 0 0 6
0 28 29 27 0 0 0 6
0 28 30 29 0 0 0 6
0 30 31 29 0 0 0 6
0 30 32 31 0 0 0 6
0 32 33 31 0 0 0 6
0 32 34 33 0 0 0 6
0 34 35 33 0 0 0 6
0 34 18 35 0 0 0 6
0 18 20 35 0 0 0 6
0 36 20 21 0 0 0 1
0 36 21 37 0 0 0 1
0 37 21 23 0 0 0 1
0 37 23 38 0 0 0 1
0 39 38 23 0 0 0 1
0 25 40 39 0 0 0 1
0 23 25 39 0 0 0 1
0 33 41 39 0 0 0 1
0 39 40 31 0 0 0 1
0 39 31 33 0 0 0 1
0 41 33 35 0 0 0 1
0 41 35 42 0 0 0 1
0 42 35 20 0 0 0 1
0 42 20 36 0 0 0 1
0 25 43 40 0 0 0 1
0 40 44 31 0 0 0 1
0 45 43 25 0 0 0 1
0 25 46 47 0 0 0 1
0 25 47 45 0 0 0 1
0 48 49 31 0 0 0 1
0 31 44 50 0 0 0 1
0 31 50 48 0 0 0 1
0 51 52 29 0 0 0 1
0 29 49 51 0 0 0 1
0 53 46 27 0 0 0 1
0 27 54 53 0 0 0 1
0 27 46 25 0 0 0 1
0 31 49 29 0 0 0 1
0 29 52 54 0 0 0 1
0 29 54 27 0 0 0 1
0 51 49 46 0 0 0 1
0 51 46 53 0 0 0 1
0 47 48 50 0 0 0 1
0 47 50 45 0 0 0 1
"Duplicate17" 0 1
55
0 0.000000 -30.535534 6.000000 0.031458 0.053723 -1
0 32.071068 1.535534 6.000000 0.044719 0.040459 -1
0 0.000000 -27.707108 6.000000 0.031458 0.052554 -1
0 29.242641 1.535534 6.000000 0.043549 0.040459 -1
0 19.000000 14.606602 6.000000 0.039314 0.035053 -1
0 19.000000 11.778175 6.000000 0.039314 0.036223 -1
0 11.000000 6.606601 6.000000 0.036343 0.038362 -1
0 9.000000 1.778174 6.000000 0.035516 0.040283 -1
0 11.000000 30.535534 6.000000 0.036343 0.028465 -1
0 9.000000 28.535534 6.000000 0.035516 0.029292 -1
0 -11.000000 30.535534 6.000000 0.026572 0.028465 -1
0 -9.000000 28.535534 6.000000 0.027399 0.029292 -1
0 -11.000000 6.606601 6.000000 0.026572 0.038362 -1
0 -9.000000 1.778174 6.000000 0.027399 0.040283 -1
0 -19.000000 14.606602 6.000000 0.023601 0.035053 -1
0 -19.000000 11.778175 6.000000 0.023601 0.036223 -1
0 -32.071068 1.535534 6.000000 0.018196 0.040459 -1
0 -29.242641 1.535534 6.000000 0.019366 0.040459 -1
0 0.000000 -27.707108 6.000000 0.500000 0.936456 -1
0 29.242641 1.535534 6.000000 0.950939 0.485414 -1
0 0.000000 -23.464466 6.000000 0.500000 0.871017 -1
0 25.000000 1.535534 6.000000 0.885515 0.485414 -1
0 19.000000 11.778175 6.000000 0.792992 0.327431 -1
0 19.000000 7.535534 6.000000 0.792992 0.392870 -1
0 9.000000 1.778174 6.000000 0.651355 0.478852 -1
0 6.000000 -5.464466 6.000000 0.592524 0.593383 -1
0 9.000000 28.535534 6.000000 0.651355 0.068964 -1
0 6.000000 25.535534 6.000000 0.592524 0.115236 -1
0 -9.000000 28.535534 6.000000 0.348646 0.068964 -1
0 -6.000000 25.535534 6.000000 0.407477 0.115236 -1
0 -9.000000 1.778174 6.000000 0.348646 0.478852 -1
0 -6.000000 -5.464466 6.000000 0.407477 0.593383 -1
0 -19.000000 11.778175 6.000000 0.207009 0.327431 -1
0 -19.000000 7.535534 6.000000 0.207009 0.392870 -1
0 -29.242641 1.535534 6.000000 0.049061 0.485414 -1
0 -25.000000 1.535534 6.000000 0.114485 0.485414 -1
0 0.003530 -22.902859 6.000000 0.503354 0.849639 -1
0 24.219559 1.328472 6.000000 0.862324 0.490267 -1
0 19.000000 6.535535 6.000000 0.784931 0.413042 -1
0 0.003530 -12.436480 6.000000 0.503354 0.694413 -1
0 0.006654 -6.784440 6.000000 0.500000 0.612434 -1
0 -18.986691 6.535535 6.000000 0.221776 0.413042 -1
0 -24.206251 1.328476 6.000000 0.144383 0.490267 -1
0 5.932364 -0.849203 6.000000 0.591481 0.520812 -1
0 -5.928834 -0.849203 6.000000 0.408520 0.520812 -1
0 5.932364 4.333227 6.000000 0.591481 0.442263 -1
0 5.932364 14.214357 6.000000 0.591481 0.289855 -1
0 5.932364 8.385644 6.000000 0.591481 0.379758 -1
0 -5.928834 8.385642 6.000000 0.408520 0.379758 -1
0 -5.928834 14.214358 6.000000 0.408520 0.289855 -1
0 -5.928834 4.333227 6.000000 0.408520 0.442262 -1
0 -5.928834 18.621178 6.000000 0.408520 0.221884 -1
0 -5.928834 24.449894 6.000000 0.408520 0.131981 -1
0 5.932364 18.621178 6.000000 0.591481 0.221884 -1
0 5.932364 24.449894 6.000000 0.591481 0.131981 -1
1
0.000000 0.000000 1.000000
70
0 0 1 2 0 0 0 1
0 1 3 2 0 0 0 1
0 1 4 3 0 0 0 1
0 4 5 3 0 0 0 1
0 4 6 5 0 0 0 1
0 6 7 5 0 0 0 1
0 6 8 7 0 0 0 1
0 8 9 7 0 0 0 1
0 8 10 9 0 0 0 1
0 10 11 9 0 0 0 1
0 10 12 11 0 0 0 1
0 12 13 11 0 0 0 1
0 12 14 13 0 0 0 1
0 14 15 13 0 0 0 1
0 14 16 15 0 0 0 1
0 16 17 15 0 0 0 1
0 16 0 17 0 0 0 1
0 0 2 17 0 0 0 1
0 18 19 20 0 0 0 6
0 19 21 20 0 0 0 6
0 19 22 21 0 0 0 6
0 22 23 21 0 0 0 6
0 22 24 23 0 0 0 6
0 24 25 23 0 0 0 6
0 24 26 25 0 0 0 6
0 26 27 25 0 0 0 6
0 26 28 27 0 0 0 6
0 28 29 27 0 0 0 6
0 28 30 29 0 0 0 6
0 30 31 29 0 0 0 6
0 30 32 31 0 0 0 6
0 32 33 31 0 0 0 6
0 32 34 33 0 0 0 6
0 34 35 33 0 0 0 6
0 34 18 35 0 0 0 6
0 18 20 35 0 0 0 6
0 36 20 21 0 0 0 1
0 36 21 37 0 0 0 1
0 37 21 23 0 0 0 1
0 37 23 38 0 0 0 1
0 39 38 23 0 0 0 1
0 25 40 39 0 0 0 1
0 23 25 39 0 0 0 1
0 33 41 39 0 0 0 1
0 39 40 31 0 0 0 1
0 39 31 33 0 0 0 1
0 41 33 35 0 0 0 1
0 41 35 42 0 0 0 1
0 42 35 20 0 0 0 1
0 42 20 36 0 0 0 1
0 25 43 40 0 0 0 1
0 40 44 31 0 0 0 1
0 45 43 25 0 0 0 1
0 25 46 47 0 0 0 1
0 25 47 45 0 0 0 1
0 48 49 31 0 0 0 1
0 31 44 50 0 0 0 1
0 31 50 48 0 0 0 1
0 51 52 29 0 0 0 1
0 29 49 51 0 0 0 1
0 53 46 27 0 0 0 1
0 27 54 53 0 0 0 1
0 27 46 25 0 0 0 1
0 31 49 29 0 0 0 1
0 29 52 54 0 0 0 1
0 29 54 27 0 0 0 1
0 51 49 46 0 0 0 1
0 51 46 53 0 0 0 1
0 47 48 50 0 0 0 1
0 47 50 45 0 0 0 1
"Duplicate18" 0 1
55
0 0.000000 -30.535534 8.000000 0.031458 0.053723 -1
0 32.071068 1.535534 8.000000 0.044719 0.040459 -1
0 0.000000 -27.707108 8.000000 0.031458 0.052554 -1
0 29.242641 1.535534 8.000000 0.043549 0.040459 -1
0 19.000000 14.606602 8.000000 0.039314 0.035053 -1
0 19.000000 11.778175 8.000000 0.039314 0.036223 -1
0 11.000000 6.606601 8.000000 0.036343 0.038362 -1
0 9.000000 1.778174 8.000000 0.035516 0.040283 -1
0 11.000000 30.535534 8.000000 0.036343 0.028465 -1
0 9.000000 28.535534 8.000000 0.035516 0.029292 -1
0 -11.000000 30.535534 8.000000 0.026572 0.028465 -1
0 -9.000000 28.535534 8.000000 0.027399 0.029292 -1
0 -11.000000 6.606601 8.000000 0.026572 0.038362 -1
0 -9.000000 1.778174 8.000000 0.027399 0.040283 -1
0 -19.000000 14.606602 8.000000 0.023601 0.035053 -1
0 -19.000000 11.778175 8.000000 0.023601 0.036223 -1
0 -32.071068 1.535534 8.000000 0.018196 0.040459 -1
0 -29.242641 1.535534 8.000000 0.019366 0.040459 -1
0 0.000000 -27.707108 8.000000 0.500000 0.936456 -1
0 29.242641 1.535534 8.000000 0.950939 0.485414 -1
0 0.000000 -23.464466 8.000000 0.500000 0.871017 -1
0 25.000000 1.535534 8.000000 0.885515 0.485414 -1
0 19.000000 11.778175 8.000000 0.792992 0.327431 -1
0 19.000000 7.535534 8.000000 0.792992 0.392870 -1
0 9.000000 1.778174 8.000000 0.651355 0.478852 -1
0 6.000000 -5.464466 8.000000 0.592524 0.593383 -1
0 9.000000 28.535534 8.000000 0.651355 0.068964 -1
0 6.000000 25.535534 8.000000 0.592524 0.115236 -1
0 -9.000000 28.535534 8.000000 0.348646 0.068964 -1
0 -6.000000 25.535534 8.000000 0.407477 0.115236 -1
0 -9.000000 1.778174 8.000000 0.348646 0.478852 -1
0 -6.000000 -5.464466 8.000000 0.407477 0.593383 -1
0 -19.000000 11.778175 8.000000 0.207009 0.327431 -1
0 -19.000000 7.535534 8.000000 0.207009 0.392870 -1
0 -29.242641 1.535534 8.000000 0.049061 0.485414 -1
0 -25.000000 1.535534 8.000000 0.114485 0.485414 -1
0 0.003530 -22.902859 8.000000 0.503354 0.849639 -1
0 24.219559 1.328472 8.000000 0.862324 0.490267 -1
0 19.000000 6.535535 8.000000 0.784931 0.413042 -1
0 0.003530 -12.436480 8.000000 0.503354 0.694413 -1
0 0.006654 -6.784440 8.000000 0.500000 0.612434 -1
0 -18.986691 6.535535 8.000000 0.221776 0.413042 -1
0 -24.206251 1.328476 8.000000 0.144383 0.490267 -1
0 5.932364 -0.849203 8.000000 0.591481 0.520812 -1
0 -5.928834 -0.849203 8.000000 0.408520 0.520812 -1
0 5.932364 4.333227 8.000000 0.591481 0.442263 -1
0 5.932364 14.214357 8.000000 0.591481 0.289855 -1
0 5.932364 8.385644 8.000000 0.591481 0.379758 -1
0 -5.928834 8.385642 8.000000 0.408520 0.379758 -1
0 -5.928834 14.214358 8.000000 0.408520 0.289855 -1
0 -5.928834 4.333227 8.000000 0.408520 0.442262 -1
0 -5.928834 18.621178 8.000000 0.408520 0.221884 -1
0 -5.928834 24.449894 8.000000 0.408520 0.131981 -1
0 5.932364 18.621178 8.000000 0.591481 0.221884 -1
0 5.932364 24.449894 8.000000 0.591481 0.131981 -1
1
0.000000 0.000000 1.000000
70
0 0 1 2 0 0 0 1
0 1 3 2 0 0 0 1
0 1 4 3 0 0 0 1
0 4 5 3 0 0 0 1
0 4 6 5 0 0 0 1
0 6 7 5 0 0 0 1
0 6 8 7 0 0 0 1
0 8 9 7 0 0 0 1
0 8 10 9 0 0 0 1
0 10 11 9 0 0 0 1
0 10 12 11 0 0 0 1
0 12 13 11 0 0 0 1
0 12 14 13 0 0 0 1
0 14 15 13 0 0 0 1
0 14 16 15 0 0 0 1
0 16 17 15 0 0 0 1
0 16 0 17 0 0 0 1
0 0 2 17 0 0 0 1
0 18 19 20 0 0 0 6
0 19 21 20 0 0 0 6
0 19 22 21 0 0 0 6
0 22 23 21 0 0 0 6
0 22 24 23 0 0 0 6
0 24 25 23 0 0 0 6
0 24 26 25 0 0 0 6
0 26 27 25 0 0 0 6
0 26 28 27 0 0 0 6
0 28 29 27 0 0 0 6
0 28 30 29 0 0 0 6
0 30 31 29 0 0 0 6
0 30 32 31 0 0 0 6
0 32 33 31 0 0 0 6
0 32 34 33 0 0 0 6
0 34 35 33 0 0 0 6
0 34 18 35 0 0 0 6
0 18 20 35 0 0 0 6
0 36 20 21 0 0 0 1
0 36 21 37 0 0 0 1
0 37 21 23 0 0 0 1
0 37 23 38 0 0 0 1
0 39 38 23 0 0 0 1
0 25 40 39 0 0 0 1
0 23 25 39 0 0 0 1
0 33 41 39 0 0 0 1
0 39 40 31 0 0 0 1
0 39 31 33 0 0 0 1
0 41 33 35 0 0 0 1
0 41 35 42 0 0 0 1
0 42 35 20 0 0 0 1
0 42 20 36 0 0 0 1
0 25 43 40 0 0 0 1
0 40 44 31 0 0 0 1
0 45 43 25 0 0 0 1
0 25 46 47 0 0 0 1
0 25 47 45 0 0 0 1
0 48 49 31 0 0 0 1
0 31 44 50 0 0 0 1
0 31 50 48 0 0 0 1
0 51 52 29 0 0 0 1
0 29 49 51 0 0 0 1
0 53 46 27 0 0 0 1
0 27 54 53 0 0 0 1
0 27 46 25 0 0 0 1
0 31 49 29 0 0 0 1
0 29 52 54 0 0 0 1
0 29 54 27 0 0 0 1
0 51 49 46 0 0 0 1
0 51 46 53 0 0 0 1
0 47 48 50 0 0 0 1
0 47 50 45 0 0 0 1
"Duplicate19" 0 1
55
0 0.000000 -30.535534 10.000000 0.031458 0.053723 -1
0 32.071068 1.535534 10.000000 0.044719 0.040459 -1
0 0.000000 -27.707108 10.000000 0.031458 0.052554 -1
0 29.242641 1.535534 10.000000 0.043549 0.040459 -1
0 19.000000 14.606602 10.000000 0.039314 0.035053 -1
0 19.000000 11.778175 10.000000 0.039314 0.036223 -1
0 11.000000 6.606601 10.000000 0.036343 0.038362 -1
0 9.000000 1.778174 10.000000 0.035516 0.040283 -1
0 11.000000 30.535534 10.000000 0.036343 0.028465 -1
0 9.000000 28.535534 10.000000 0.035516 0.029292 -1
0 -11.000000 30.535534 10.000000 0.026572 0.028465 -1
0 -9.000000 28.535534 10.000000 0.027399 0.029292 -1
0 -11.000000 6.606601 10.000000 0.026572 0.038362 -1
0 -9.000000 1.778174 10.000000 0.027399 0.040283 -1
0 -19.000000 14.606602 10.000000 0.023601 0.035053 -1
0 -19.000000 11.778175 10.000000 0.023601 0.036223 -1
0 -32.071068 1.535534 10.000000 0.018196 0.040459 -1
0 -29.242641 1.535534 10.000000 0.019366 0.040459 -1
0 0.000000 -27.707108 10.000000 0.500000 0.936456 -1
0 29.242641 1.535534 10.000000 0.950939 0.485414 -1
0 0.000000 -23.464466 10.000000 0.500000 0.871017 -1
0 25.000000 1.535534 10.000000 0.885515 0.485414 -1
0 19.000000 11.778175 10.000000 0.792992 0.327431 -1
0 19.000000 7.535534 10.000000 0.792992 0.392870 -1
0 9.000000 1.778174 10.000000 0.651355 0.478852 -1
0 6.000000 -5.464466 10.000000 0.592524 0.593383 -1
0 9.000000 28.535534 10.000000 0.651355 0.068964 -1
0 6.000000 25.535534 10.000000 0.592524 0.115236 -1
0 -9.000000 28.535534 10.000000 0.348646 0.068964 -1
0 -6.000000 25.535534 10.000000 0.407477 0.115236 -1
0 -9.000000 1.778174 10.000000 0.348646 0.478852 -1
0 -6.000000 -5.464466 10.000000 0.407477 0.593383 -1
0 -19.000000 11.778175 10.000000 0.207009 0.327431 -1
0 -19.000000 7.535534 10.000000 0.207009 0.392870 -1
0 -29.242641 1.535534 10.000000 0.049061 0.485414 -1
0 -25.000000 1.535534 10.000000 0.114485 0.485414 -1
0 0.003530 -22.902859 10.000000 0.503354 0.849639 -1
0 24.219559 1.328472 10.000000 0.862324 0.490267 -1
0 19.000000 6.535535 10.000000 0.784931 0.413042 -1
0 0.003530 -12.436480 10.000000 0.503354 0.694413 -1
0 0.006654 -6.784440 10.000000 0.500000 0.612434 -1
0 -18.986691 6.535535 10.000000 0.221776 0.413042 -1
0 -24.206251 1.328476 10.000000 0.144383 0.490267 -1
0 5.932364 -0.849203 10.000000 0.591481 0.520812 -1
0 -5.928834 -0.849203 10.000000 0.408520 0.520812 -1
0 5.932364 4.333227 10.000000 0.591481 0.442263 -1
0 5.932364 14.214357 10.000000 0.591481 0.289855 -1
0 5.932364 8.385644 10.000000 0.591481 0.379758 -1
0 -5.928834 8.385642 10.000000 0.408520 0.379758 -1
0 -5.928834 14.214358 10.000000 0.408520 0.289855 -1
0 -5.928834 4.333227 10.000000 0.408520 0.442262 -1
0 -5.928834 18.621178 10.000000 0.408520 0.221884 -1
0 -5.928834 24.449894 10.000000 0.408520 0.131981 -1
0 5.932364 18.621178 10.000000 0.591481 0.221884 -1
0 5.932364 24.449894 10.000000 0.591481 0.131981 -1
1
0.000000 0.000000 1.000000
70
0 0 1 2 0 0 0 1
0 1 3 2 0 0 0 1
0 1 4 3 0 0 0 1
0 4 5 3 0 0 0 1
0 4 6 5 0 0 0 1
0 6 7 5 0 0 0 1
0 6 8 7 0 0 0 1
0 8 9 7 0 0 0 1
0 8 10 9 0 0 0 1
0 10 11 9 0 0 0 1
0 10 12 11 0 0 0 1
0 12 13 11 0 0 0 1
0 12 14 13 0 0 0 1
0 14 15 13 0 0 0 1
0 14 16 15 0 0 0 1
0 16 17 15 0 0 0 1
0 16 0 17 0 0 0 1
0 0 2 17 0 0 0 1
0 18 19 20 0 0 0 6
0 19 21 20 0 0 0 6
0 19 22 21 0 0 0 6
0 22 23 21 0 0 0 6
0 22 24 23 0 0 0 6
0 24 25 23 0 0 0 6
0 24 26 25 0 0 0 6
0 26 27 25 0 0 0 6
0 26 28 27 0 0 0 6
0 28 29 27 0 0 0 6
0 28 30 29 0 0 0 6
0 30 31 29 0 0 0 6
0 30 32 31 0 0 0 6
0 32 33 31 0 0 0 6
0 32 34 33 0 0 0 6
0 34 35 33 0 0 0 6
0 34 18 35 0 0 0 6
0 18 20 35 0 0 0 6
0 36 20 21 0 0 0 1
0 36 21 37 0 0 0 1
0 37 21 23 0 0 0 1
0 37 23 38 0 0 0 1
0 39 38 23 0 0 0 1
0 25 40 39 0 0 0 1
0 23 25 39 0 0 0 1
0 33 41 39 0 0 0 1
0 39 40 31 0 0 0 1
0 39 31 33 0 0 0 1
0 41 33 35 0 0 0 1
0 41 35 42 0 0 0 1
0 42 35 20 0 0 0 1
0 42 20 36 0 0 0 1
0 25 43 40 0 0 0 1
0 40 44 31 0 0 0 1
0 45 43 25 0 0 0 1
0 25 46 47 0 0 0 1
0 25 47 45 0 0 0 1
0 48 49 31 0 0 0 1
0 31 44 50 0 0 0 1
0 31 50 48 0 0 0 1
0 51 52 29 0 0 0 1
0 29 49 51 0 0 0 1
0 53 46 27 0 0 0 1
0 27 54 53 0 0 0 1
0 27 46 25 0 0 0 1
0 31 49 29 0 0 0 1
0 29 52 54 0 0 0 1
0 29 54 27 0 0 0 1
0 51 49 46 0 0 0 1
0 51 46 53 0 0 0 1
0 47 48 50 0 0 0 1
0 47 50 45 0 0 0 1
"Duplicate20" 0 0
24
0 0.003530 -12.436480 2.000000 0.664104 0.735058 -1
0 0.003530 -22.902859 2.000000 0.820240 0.891194 -1
0 24.219559 1.328472 2.000000 0.806601 0.181875 -1
0 19.000000 6.535535 2.000000 0.653930 0.179190 -1
0 5.932364 4.333227 2.000000 0.499031 0.399797 -1
0 0.003530 4.333227 2.000000 0.413937 0.484891 -1
0 0.006654 -6.784440 2.000000 0.579721 0.650956 -1
0 5.932364 -0.849203 2.000000 0.576341 0.477107 -1
0 5.932364 24.449894 2.000000 0.198934 0.099699 -1
0 0.003530 24.449894 2.000000 0.113840 0.184793 -1
0 0.003530 18.621178 2.000000 0.200791 0.271745 -1
0 5.932364 18.621178 2.000000 0.285886 0.186651 -1
0 5.932364 14.214357 2.000000 0.351626 0.252391 -1
0 0.003530 14.214358 2.000000 0.266532 0.337486 -1
0 0.003530 8.385642 2.000000 0.353483 0.424438 -1
0 5.932364 8.385644 2.000000 0.438578 0.339343 -1
0 -24.206251 1.328476 2.000000 0.806601 0.181875 -1
0 -18.986691 6.535535 2.000000 0.653930 0.179190 -1
0 -5.928834 4.333227 2.000000 0.499031 0.399797 -1
0 -5.928834 -0.849203 2.000000 0.576341 0.477107 -1
0 -5.928834 24.449894 2.000000 0.198934 0.099699 -1
0 -5.928834 18.621178 2.000000 0.285886 0.186651 -1
0 -5.928834 14.214358 2.000000 0.351626 0.252391 -1
0 -5.928834 8.385642 2.000000 0.438578 0.339343 -1
1
0.000000 0.000000 1.000000
16
0 0 1 2 0 0 0 1
0 0 2 3 0 0 0 1
0 4 5 6 0 0 0 1
0 4 6 7 0 0 0 1
0 8 9 10 0 0 0 1
0 8 10 11 0 0 0 1
0 12 13 14 0 0 0 1
0 12 14 15 0 0 0 1
0 1 0 16 0 0 0 1
0 16 0 17 0 0 0 1
0 5 18 6 0 0 0 1
0 6 18 19 0 0 0 1
0 9 20 10 0 0 0 1
0 10 20 21 0 0 0 1
0 13 22 14 0 0 0 1
0 14 22 23 0 0 0 1
"Duplicate21" 0 0
24
0 0.003530 -12.436480 4.000000 0.664104 0.735058 -1
0 0.003530 -22.902859 4.000000 0.820240 0.891194 -1
0 24.219559 1.328472 4.000000 0.806601 0.181875 -1
0 19.000000 6.535535 4.000000 0.653930 0.179190 -1
0 5.932364 4.333227 4.000000 0.499031 0.399797 -1
0 0.003530 4.333227 4.000000 0.413937 0.484891 -1
0 0.006654 -6.784440 4.000000 0.579721 0.650956 -1
0 5.932364 -0.849203 4.000000 0.576341 0.477107 -1
0 5.932364 24.449894 4.000000 0.198934 0.099699 -1
0 0.003530 24.449894 4.000000 0.113840 0.184793 -1
0 0.003530 18.621178 4.000000 0.200791 0.271745 -1
0 5.932364 18.621178 4.000000 0.285886 0.186651 -1
0 5.932364 14.214357 4.000000 0.351626 0.252391 -1
0 0.003530 14.214358 4.000000 0.266532 0.337486 -1
0 0.003530 8.385642 4.000000 0.353483 0.424438 -1
0 5.932364 8.385644 4.000000 0.438578 0.339343 -1
0 -24.206251 1.328476 4.000000 0.806601 0.181875 -1
0 -18.986691 6.535535 4.000000 0.653930 0.179190 -1
0 -5.928834 4.333227 4.000000 0.499031 0.399797 -1
0 -5.928834 -0.849203 4.000000 0.576341 0.477107 -1
0 -5.928834 24.449894 4.000000 0.198934 0.099699 -1
0 -5.928834 18.621178 4.000000 0.285886 0.186651 -1
0 -5.928834 14.214358 4.000000 0.351626 0.252391 -1
0 -5.928834 8.385642 4.000000 0.438578 0.339343 -1
1
0.000000 0.000000 1.000000
16
0 0 1 2 0 0 0 1
0 0 2 3 0 0 0 1
0 4 5 6 0 0 0 1
0 4 6 7 0 0 0 1
0 8 9 10 0 0 0 1
0 8 10 11 0 0 0 1
0 12 13 14 0 0 0 1
0 12 14 15 0 0 0 1
0 1 0 16 0 0 0 1
0 16 0 17 0 0 0 1
0 5 18 6 0 0 0 1
0 6 18 19 0 0 0 1
0 9 20 10 0 0 0 1
0 10 20 21 0 0 0 1
0 13 22 14 0 0 0 1
0 14 22 23 0 0 0 1
"Duplicate22" 0 0
24
0 0.003530 -12.436480 6.000000 0.664104 0.735058 -1
0 0.003530 -22.902859 6.000000 0.820240 0.891194 -1
0 24.219559 1.328472 6.000000 0.806601 0.181875 -1
0 19.000000 6.535535 6.000000 0.653930 0.179190 -1
0 5.932364 4.333227 6.000000 0.499031 0.399797 -1
0 0.003530 4.333227 6.000000 0.413937 0.484891 -1
0 0.006654 -6.784440 6.000000 0.579721 0.650956 -1
0 5.932364 -0.849203 6.000000 0.576341 0.477107 -1
0 5.932364 24.449894 6.000000 0.198934 0.099699 -1
0 0.003530 24.449894 6.000000 0.113840 0.184793 -1
0 0.003530 18.621178 6.000000 0.200791 0.271745 -1
0 5.932364 18.621178 6.000000 0.285886 0.186651 -1
0 5.932364 14.214357 6.000000 0.351626 0.252391 -1
0 0.003530 14.214358 6.000000 0.266532 0.337486 -1
0 0.003530 8.385642 6.000000 0.353483 0.424438 -1
0 5.932364 8.385644 6.000000 0.438578 0.339343 -1
0 -24.206251 1.328476 6.000000 0.806601 0.181875 -1
0 -18.986691 6.535535 6.000000 0.653930 0.179190 -1
0 -5.928834 4.333227 6.000000 0.499031 0.399797 -1
0 -5.928834 -0.849203 6.000000 0.576341 0.477107 -1
0 -5.928834 24.449894 6.000000 0.198934 0.099699 -1
0 -5.928834 18.621178 6.000000 0.285886 0.186651 -1
0 -5.928834 14.214358 6.000000 0.351626 0.252391 -1
0 -5.928834 8.385642 6.000000 0.438578 0.339343 -1
1
0.000000 0.000000 1.000000
16
0 0 1 2 0 0 0 1
0 0 2 3 0 0 0 1
0 4 5 6 0 0 0 1
0 4 6 7 0 0 0 1
0 8 9 10 0 0 0 1
0 8 10 11 0 0 0 1
0 12 13 14 0 0 0 1
0 12 14 15 0 0 0 1
0 1 0 16 0 0 0 1
0 16 0 17 0 0 0 1
0 5 18 6 0 0 0 1
0 6 18 19 0 0 0 1
0 9 20 10 0 0 0 1
0 10 20 21 0 0 0 1
0 13 22 14 0 0 0 1
0 14 22 23 0 0 0 1
"Duplicate23" 0 0
24
0 0.003530 -12.436480 8.000000 0.664104 0.735058 -1
0 0.003530 -22.902859 8.000000 0.820240 0.891194 -1
0 24.219559 1.328472 8.000000 0.806601 0.181875 -1
0 19.000000 6.535535 8.000000 0.653930 0.179190 -1
0 5.932364 4.333227 8.000000 0.499031 0.399797 -1
0 0.003530 4.333227 8.000000 0.413937 0.484891 -1
0 0.006654 -6.784440 8.000000 0.579721 0.650956 -1
0 5.932364 -0.849203 8.000000 0.576341 0.477107 -1
0 5.932364 24.449894 8.000000 0.198934 0.099699 -1
0 0.003530 24.449894 8.000000 0.113840 0.184793 -1
0 0.003530 18.621178 8.000000 0.200791 0.271745 -1
0 5.932364 18.621178 8.000000 0.285886 0.186651 -1
0 5.932364 14.214357 8.000000 0.351626 0.252391 -1
0 0.003530 14.214358 8.000000 0.266532 0.337486 -1
0 0.003530 8.385642 8.000000 0.353483 0.424438 -1
0 5.932364 8.385644 8.000000 0.438578 0.339343 -1
0 -24.206251 1.328476 8.000000 0.806601 0.181875 -1
0 -18.986691 6.535535 8.000000 0.653930 0.179190 -1
0 -5.928834 4.333227 8.000000 0.499031 0.399797 -1
0 -5.928834 -0.849203 8.000000 0.576341 0.477107 -1
0 -5.928834 24.449894 8.000000 0.198934 0.099699 -1
0 -5.928834 18.621178 8.000000 0.285886 0.186651 -1
0 -5.928834 14.214358 8.000000 0.351626 0.252391 -1
0 -5.928834 8.385642 8.000000 0.438578 0.339343 -1
1
0.000000 0.000000 1.000000
16
0 0 1 2 0 0 0 1
0 0 2 3 0 0 0 1
0 4 5 6 0 0 0 1
0 4 6 7 0 0 0 1
0 8 9 10 0 0 0 1
0 8 10 11 0 0 0 1
0 12 13 14 0 0 0 1
0 12 14 15 0 0 0 1
0 1 0 16 0 0 0 1
0 16 0 17 0 0 0 1
0 5 18 6 0 0 0 1
0 6 18 19 0 0 0 1
0 9 20 10 0 0 0 1
0 10 20 21 0 0 0 1
0 13 22 14 0 0 0 1
0 14 22 23 0 0 0 1
"Duplicate24" 1 0
24
1 0.003530 -12.436480 10.000000 0.664104 0.735058 -1
1 0.003530 -22.902859 10.000000 0.820240 0.891194 -1
1 24.219559 1.328472 10.000000 0.806601 0.181875 -1
1 19.000000 6.535535 10.000000 0.653930 0.179190 -1
1 5.932364 4.333227 10.000000 0.499031 0.399797 -1
1 0.003530 4.333227 10.000000 0.413937 0.484891 -1
1 0.006654 -6.784440 10.000000 0.579721 0.650956 -1
1 5.932364 -0.849203 10.000000 0.576341 0.477107 -1
1 5.932364 24.449894 10.000000 0.198934 0.099699 -1
1 0.003530 24.449894 10.000000 0.113840 0.184793 -1
1 0.003530 18.621178 10.000000 0.200791 0.271745 -1
1 5.932364 18.621178 10.000000 0.285886 0.186651 -1
1 5.932364 14.214357 10.000000 0.351626 0.252391 -1
1 0.003530 14.214358 10.000000 0.266532 0.337486 -1
1 0.003530 8.385642 10.000000 0.353483 0.424438 -1
1 5.932364 8.385644 10.000000 0.438578 0.339343 -1
1 -24.206251 1.328476 10.000000 0.806601 0.181875 -1
1 -18.986691 6.535535 10.000000 0.653930 0.179190 -1
1 -5.928834 4.333227 10.000000 0.499031 0.399797 -1
1 -5.928834 -0.849203 10.000000 0.576341 0.477107 -1
1 -5.928834 24.449894 10.000000 0.198934 0.099699 -1
1 -5.928834 18.621178 10.000000 0.285886 0.186651 -1
1 -5.928834 14.214358 10.000000 0.351626 0.252391 -1
1 -5.928834 8.385642 10.000000 0.438578 0.339343 -1
1
0.000000 0.000000 1.000000
16
1 0 1 2 0 0 0 1
1 0 2 3 0 0 0 1
1 4 5 6 0 0 0 1
1 4 6 7 0 0 0 1
1 8 9 10 0 0 0 1
1 8 10 11 0 0 0 1
1 12 13 14 0 0 0 1
1 12 14 15 0 0 0 1
1 1 0 16 0 0 0 1
1 16 0 17 0 0 0 1
1 5 18 6 0 0 0 1
1 6 18 19 0 0 0 1
1 9 20 10 0 0 0 1
1 10 20 21 0 0 0 1
1 13 22 14 0 0 0 1
1 14 22 23 0 0 0 1

Materials: 2
"scroller"
0.588235 0.588235 0.588235 1.000000
0.588235 0.588235 0.588235 1.000000
0.898039 0.898039 0.898039 1.000000
0.000000 0.000000 0.000000 1.000000
12.799999
1.000000
"_4ths.png"
""
"01 - Default"
0.588235 0.588235 0.588235 1.000000
0.588235 0.588235 0.588235 1.000000
0.898039 0.898039 0.898039 1.000000
0.000000 0.000000 0.000000 1.000000
12.799999
1.000000
"SHELL.PNG"
""

Bones: 0
GroupComments: 0
MaterialComments: 0
BoneComments: 0
ModelComment: 0
