// MilkShape 3D ASCII

Frames: 30
Frame: 1

Meshes: 3
"scroll_left" 0 1
84
0 5.250000 18.174995 4.650001 0.538027 0.377085 -1
0 4.500000 23.999996 1.250002 0.535653 0.317699 -1
0 4.500000 12.349996 8.050000 0.539883 0.453044 -1
0 6.000000 -7.000000 1.250002 0.546875 0.643631 -1
0 6.000000 0.749999 1.250002 0.544199 0.558005 -1
0 5.250000 -5.375001 1.250002 0.546055 0.633963 -1
0 4.500000 -11.500001 1.250002 0.547911 0.709922 -1
0 7.625000 -8.375000 1.250002 0.547911 0.640869 -1
0 19.000000 6.000000 1.250002 0.546875 0.356369 -1
0 15.750000 2.750000 1.250002 0.546875 0.428185 -1
0 18.125000 3.625000 1.250002 0.547393 0.392277 -1
0 0.000000 -25.000004 1.250002 0.551018 0.908796 -1
0 0.750000 -18.875004 1.250002 0.549162 0.832837 -1
0 0.000000 -12.750004 1.250002 0.546789 0.773451 -1
0 0.000000 23.999996 1.250002 0.534100 0.367417 -1
0 0.000000 11.149997 10.050001 0.538329 0.502762 -1
0 0.750000 17.574997 5.650002 0.536474 0.426803 -1
0 3.000000 23.999996 1.250002 0.535136 0.334271 -1
0 2.250000 17.874996 1.250002 0.536991 0.410230 -1
0 3.000000 11.749996 1.250002 0.539365 0.469616 -1
0 1.500000 -20.500004 1.250002 0.549982 0.842505 -1
0 1.500000 -12.750004 1.250002 0.547306 0.756878 -1
0 6.000000 23.999996 1.250002 0.536171 0.301126 -1
0 6.000000 16.249996 1.250002 0.538847 0.386752 -1
0 5.250000 2.374998 1.250002 0.543379 0.548337 -1
0 4.500000 3.999997 1.250002 0.542559 0.538670 -1
0 4.500000 -3.750002 1.250002 0.545235 0.624296 -1
0 21.875000 -3.125000 1.250002 0.551018 0.425422 -1
0 20.250000 -1.750000 1.250002 0.549982 0.428185 -1
0 18.750000 -6.250001 1.250002 0.551018 0.494476 -1
0 3.125000 -21.875004 1.250002 0.551018 0.839743 -1
0 6.125000 -13.375001 4.750003 0.548946 0.707160 -1
0 7.750000 -14.250002 1.250002 0.549982 0.704398 -1
0 9.250000 -9.950001 10.450003 0.548947 0.638107 -1
0 22.625000 -0.875000 1.250002 0.550500 0.392277 -1
0 23.500000 1.500000 1.250002 0.549982 0.356369 -1
0 8.375000 -6.125000 1.250002 0.547393 0.607723 -1
0 9.250000 -3.750000 1.250002 0.546875 0.571815 -1
0 14.875000 0.375000 1.250002 0.547393 0.464092 -1
0 14.000000 -2.000000 1.250002 0.547911 0.500000 -1
0 17.250000 1.250000 1.250002 0.547911 0.428185 -1
0 3.000000 -0.500004 1.250002 0.543594 0.604961 -1
0 3.750000 5.924996 4.650001 0.541739 0.529002 -1
0 3.750000 17.874996 1.250002 0.537509 0.393658 -1
0 4.500000 18.174995 4.650001 0.537768 0.385371 -1
0 3.750000 -9.875002 1.250002 0.547091 0.700255 -1
0 6.000000 8.499998 1.250002 0.541523 0.472378 -1
0 12.375000 -7.125000 4.750003 0.548947 0.569053 -1
0 10.750000 -5.250000 1.250002 0.547911 0.571815 -1
0 3.000000 -16.000002 1.250002 0.548946 0.776214 -1
0 10.000000 -8.000000 4.750003 0.548429 0.604961 -1
0 19.625000 2.125000 1.250002 0.548429 0.392277 -1
0 20.500000 4.500000 1.250002 0.547911 0.356369 -1
0 12.500000 -0.500000 1.250002 0.546875 0.500000 -1
0 0.000000 -0.500004 1.250002 0.542559 0.638107 -1
0 0.750000 -6.625004 1.250002 0.544933 0.697492 -1
0 2.250000 -6.625004 1.250002 0.545450 0.680920 -1
0 1.500000 -0.500004 1.250002 0.543077 0.621534 -1
0 1.500000 23.999996 1.250002 0.534618 0.350844 -1
0 1.500000 11.749996 1.250002 0.538847 0.486189 -1
0 0.000000 5.324996 5.650002 0.540444 0.570434 -1
0 2.250000 5.624996 1.250002 0.541221 0.545575 -1
0 0.750000 5.624996 1.250002 0.540703 0.562148 -1
0 3.000000 -8.250003 1.250002 0.546270 0.690587 -1
0 2.250000 -14.375004 1.250002 0.548126 0.766546 -1
0 5.250000 10.124996 1.250002 0.540703 0.462711 -1
0 3.750000 -2.125003 1.250002 0.544415 0.614629 -1
0 12.500000 -12.500002 1.250002 0.551018 0.632582 -1
0 15.625000 -9.375002 1.250002 0.551018 0.563529 -1
0 14.000000 -7.400002 7.850004 0.549982 0.566291 -1
0 15.500000 -3.500000 1.250002 0.548947 0.500000 -1
0 17.125000 -4.575001 4.550003 0.549982 0.497238 -1
0 4.424999 -17.575006 2.049999 0.549982 0.773451 -1
0 9.375000 -15.625003 1.250002 0.551018 0.701636 -1
0 6.250000 -18.750004 1.250002 0.551018 0.770689 -1
0 10.875000 -10.825002 4.550003 0.549982 0.635345 -1
0 17.875000 -2.625000 1.250002 0.549465 0.464092 -1
0 18.750000 -0.250000 1.250002 0.548947 0.428185 -1
0 22.000000 3.000000 1.250002 0.548947 0.356369 -1
0 21.125000 0.625000 1.250002 0.549465 0.392277 -1
0 11.625000 -2.875000 1.250002 0.547393 0.535908 -1
0 13.125000 -4.375000 1.250002 0.548429 0.535908 -1
0 16.375000 -1.325000 7.850004 0.548429 0.464092 -1
0 25.000000 0.000000 1.250002 0.551018 0.356369 -1
42
0.634043 0.327306 0.700614
-0.295603 0.342891 0.891653
0.656201 0.030741 0.753959
0.000000 0.000000 1.000000
-0.401562 0.238822 0.884145
-0.283554 0.393592 0.874461
-0.644422 0.118673 0.755405
0.653240 0.374424 0.658091
-0.554794 0.033884 0.831298
-0.029576 -0.034169 0.998978
0.634043 0.327306 0.700614
0.880127 -0.036051 0.473367
0.421677 -0.108819 0.900193
0.070167 0.082746 0.994097
0.642719 -0.338947 0.687043
-0.436735 -0.576346 0.690716
0.262277 -0.477681 0.838470
-0.160827 0.083286 0.983462
-0.206229 0.003548 0.978497
-0.004862 0.203859 0.978988
-0.013998 -0.044768 0.998899
-0.140765 -0.450186 0.881770
-0.971743 0.118989 0.203856
-0.287560 0.862968 0.415446
-0.132499 0.339100 0.931373
-0.146180 -0.018251 0.989090
-0.636159 0.718498 0.281180
0.015992 -0.062770 0.997900
0.307911 0.176488 0.934902
0.570567 -0.034830 0.820512
0.151782 -0.595753 0.788696
0.647996 -0.079346 0.757499
0.350569 -0.631893 0.691239
0.659736 -0.659736 0.359856
0.495587 -0.171062 0.851546
-0.291931 0.391367 0.872701
0.401010 0.472899 0.784575
-0.006622 -0.007362 0.999951
0.123457 -0.129463 0.983869
0.436588 -0.798218 0.415018
0.205777 -0.005598 0.978583
-0.004308 -0.013921 0.999894
128
0 0 1 2 0 1 2 11
0 3 4 5 3 3 3 11
0 3 6 7 3 4 3 11
0 8 9 10 3 3 3 11
0 11 12 13 3 3 3 11
0 14 15 16 5 6 7 11
0 17 18 19 3 3 8 11
0 12 20 21 3 9 3 11
0 22 0 23 10 0 11 11
0 24 25 26 3 12 3 11
0 27 28 29 3 13 14 11
0 11 30 20 3 3 9 11
0 31 32 33 15 16 17 11
0 34 35 28 3 3 13 11
0 3 36 37 3 3 3 11
0 38 39 40 3 18 19 11
0 41 42 19 20 21 8 11
0 17 19 43 3 8 3 11
0 44 19 2 22 8 2 11
0 45 6 26 3 4 3 11
0 46 24 4 3 3 3 11
0 5 26 6 3 3 4 11
0 47 48 33 23 24 17 11
0 49 31 6 25 15 4 11
0 6 33 50 4 17 26 11
0 51 52 40 3 3 19 11
0 53 38 9 3 3 3 11
0 10 40 52 3 19 3 11
0 54 13 55 27 3 3 11
0 56 57 21 3 3 3 11
0 21 57 55 3 3 3 11
0 18 58 59 3 28 29 11
0 60 59 15 30 29 6 11
0 16 59 58 7 29 28 11
0 41 19 61 20 8 3 11
0 62 57 59 3 3 29 11
0 59 57 61 29 3 3 11
0 41 56 63 20 3 3 11
0 49 63 64 25 3 3 11
0 20 64 21 9 3 3 11
0 46 23 65 3 11 31 11
0 42 25 2 21 12 2 11
0 2 25 65 2 12 31 11
0 49 45 63 25 3 3 11
0 41 63 66 20 3 3 11
0 25 66 26 12 3 3 11
0 67 68 69 32 33 34 11
0 70 69 71 35 34 36 11
0 28 71 29 13 36 14 11
0 49 20 72 25 9 37 11
0 73 32 74 3 16 38 11
0 74 32 72 38 16 37 11
0 70 47 69 35 23 34 11
0 67 69 75 32 34 39 11
0 32 75 33 16 39 17 11
0 70 76 77 35 3 40 11
0 78 77 79 3 40 3 11
0 35 79 28 3 3 13 11
0 53 37 80 3 3 3 11
0 81 39 48 3 18 24 11
0 48 39 80 24 18 3 11
0 78 51 77 3 3 40 11
0 70 77 82 35 40 41 11
0 39 82 40 18 41 19 11
0 22 1 0 10 1 0 11
0 3 5 6 3 3 4 11
0 3 7 48 3 3 24 11
0 8 10 52 3 3 3 11
0 12 21 13 3 3 3 11
0 14 16 58 5 7 28 11
0 18 59 19 3 29 8 11
0 11 20 12 3 9 3 11
0 0 2 23 0 2 11 11
0 46 25 24 3 12 3 11
0 83 28 27 3 13 3 11
0 30 74 20 3 38 9 11
0 49 32 31 25 16 15 11
0 83 35 34 3 3 3 11
0 36 48 37 3 24 3 11
0 53 39 38 3 18 3 11
0 42 2 19 21 2 8 11
0 17 43 1 3 3 1 11
0 1 19 44 1 8 22 11
0 49 6 45 25 4 3 11
0 24 26 4 3 3 3 11
0 4 26 5 3 3 3 11
0 70 48 47 35 24 23 11
0 31 33 6 15 17 4 11
0 6 50 48 4 26 24 11
0 78 52 51 3 3 3 11
0 38 40 9 3 19 3 11
0 9 40 10 3 19 3 11
0 54 55 57 27 3 3 11
0 41 57 56 20 3 3 11
0 21 55 13 3 3 3 11
0 17 58 18 3 28 3 11
0 54 59 60 27 29 30 11
0 15 59 16 6 29 7 11
0 41 61 57 20 3 3 11
0 54 57 62 27 3 3 11
0 59 61 19 29 3 8 11
0 56 21 63 3 3 3 11
0 49 64 20 25 3 9 11
0 64 63 21 3 3 3 11
0 46 65 25 3 31 12 11
0 41 25 42 20 12 21 11
0 2 65 23 2 31 11 11
0 45 26 63 3 3 3 11
0 41 66 25 20 3 12 11
0 66 63 26 3 3 3 11
0 68 29 69 33 14 34 11
0 70 71 28 35 36 13 11
0 71 69 29 36 34 14 11
0 49 72 32 25 37 16 11
0 67 32 73 32 16 3 11
0 74 72 20 38 37 9 11
0 47 33 69 23 17 34 11
0 67 75 32 32 39 16 11
0 75 69 33 39 34 17 11
0 76 28 77 3 13 40 11
0 78 79 35 3 3 3 11
0 79 77 28 3 40 13 11
0 53 80 39 3 3 18 11
0 70 39 81 35 18 3 11
0 48 80 37 24 3 3 11
0 51 40 77 3 19 40 11
0 70 82 39 35 41 18 11
0 82 77 40 41 40 19 11
"scroll_right" 0 1
88
0 -8.375000 -6.125000 1.250002 0.546357 0.607723 -1
0 -9.250000 -3.750000 1.250002 0.546875 0.571815 -1
0 -10.750000 -5.250000 1.250002 0.545839 0.571815 -1
0 -6.000000 -7.000000 1.250002 0.546875 0.643631 -1
0 -7.625000 -8.375000 1.250002 0.545839 0.640869 -1
0 -4.500000 -11.500001 1.250002 0.545839 0.709922 -1
0 -4.500000 -5.475001 3.950002 0.547954 0.642250 -1
0 -6.000000 23.999996 1.250002 0.557578 0.301126 -1
0 -6.000000 16.249996 1.250002 0.554902 0.386752 -1
0 -5.250000 20.124996 1.250002 0.556499 0.352225 -1
0 -25.000000 0.000000 1.250002 0.542731 0.356369 -1
0 -22.625000 -0.875000 1.250002 0.543249 0.392277 -1
0 -23.500000 1.500000 1.250002 0.543767 0.356369 -1
0 -19.000000 6.000000 1.250002 0.546875 0.356369 -1
0 -20.500000 4.500000 1.250002 0.545839 0.356369 -1
0 -18.125000 3.625000 1.250002 0.546357 0.392277 -1
0 -12.500000 -0.500000 1.250002 0.546875 0.500000 -1
0 -14.875000 0.375000 1.250002 0.546357 0.464092 -1
0 -14.000000 -2.000000 1.250002 0.545839 0.500000 -1
0 -3.125000 -21.875004 1.250002 0.542731 0.839743 -1
0 -1.500000 -20.500004 1.250002 0.543767 0.842505 -1
0 -6.250000 -18.750004 1.250002 0.542731 0.770689 -1
0 -21.875000 -3.125000 1.250002 0.542731 0.425422 -1
0 -20.250000 -1.750000 1.250002 0.543767 0.428185 -1
0 -12.375000 -7.325000 4.950002 0.544803 0.569053 -1
0 -14.000000 -8.000001 1.250002 0.543767 0.566291 -1
0 -9.250000 -9.750001 1.250002 0.544803 0.638107 -1
0 0.000000 17.574997 5.650002 0.557534 0.435089 -1
0 -1.500000 16.249996 1.250002 0.556455 0.436471 -1
0 0.000000 11.149997 10.050001 0.555420 0.502762 -1
0 0.000000 -25.000004 1.250002 0.542731 0.908796 -1
0 0.000000 -18.875004 1.250002 0.544846 0.841124 -1
0 -3.000000 -9.675002 6.150002 0.546918 0.708541 -1
0 -1.500000 -8.250003 1.250002 0.547997 0.707160 -1
0 -3.000000 -3.350002 11.050001 0.549033 0.640869 -1
0 -0.750000 20.124996 1.250002 0.558052 0.401944 -1
0 -1.500000 23.999996 1.250002 0.559131 0.350844 -1
0 -5.250000 -3.225000 3.950002 0.548472 0.609104 -1
0 -6.000000 0.749999 1.250002 0.549551 0.558005 -1
0 -5.250000 12.374997 1.250002 0.553823 0.437852 -1
0 -4.500000 8.499998 1.250002 0.552744 0.488951 -1
0 -4.500000 16.249996 1.250002 0.555420 0.403325 -1
0 -15.500000 -5.499998 12.050003 0.544803 0.500000 -1
0 -13.125000 -5.075000 4.950002 0.545321 0.535908 -1
0 -11.625000 -2.875000 1.250002 0.546357 0.535908 -1
0 -6.125000 -12.875002 1.250002 0.544803 0.707160 -1
0 -3.000000 2.574998 6.150002 0.551147 0.573196 -1
0 -4.500000 0.549999 6.650002 0.550068 0.574577 -1
0 -3.000000 -16.000002 8.850001 0.544803 0.776214 -1
0 -3.750000 20.124996 1.250002 0.557017 0.368798 -1
0 -4.500000 23.999996 1.250002 0.558096 0.317699 -1
0 -6.000000 8.499998 1.250002 0.552227 0.472378 -1
0 -22.000000 3.000000 1.250002 0.544803 0.356369 -1
0 -21.125000 0.625000 1.250002 0.544285 0.392277 -1
0 -17.875000 -3.325000 4.950002 0.544285 0.464092 -1
0 -18.750000 -0.450001 7.050003 0.544803 0.428185 -1
0 -15.750000 2.750000 1.250002 0.546875 0.428185 -1
0 -17.250000 1.250000 1.250002 0.545839 0.428185 -1
0 -19.625000 2.125000 1.250002 0.545321 0.392277 -1
0 -17.125000 -2.575000 4.950002 0.544803 0.464092 -1
0 -16.375000 -1.125000 1.250002 0.545321 0.464092 -1
0 -12.500000 -12.500002 1.250002 0.542731 0.632582 -1
0 -9.375000 -15.625003 1.250002 0.542731 0.701636 -1
0 -7.750000 -14.250002 1.250002 0.543767 0.704398 -1
0 -4.625000 -17.375004 1.250002 0.543767 0.773451 -1
0 -15.625000 -9.375002 1.250002 0.542731 0.563529 -1
0 -18.750000 -6.250001 1.250002 0.542731 0.494476 -1
0 -17.125000 -4.875000 1.250002 0.543767 0.497238 -1
0 -10.875000 -11.125002 1.250002 0.543767 0.635345 -1
0 0.000000 -0.500004 1.250002 0.551190 0.638107 -1
0 0.000000 5.324996 5.650002 0.553305 0.570434 -1
0 -1.500000 3.999997 1.250002 0.552226 0.571815 -1
0 -3.000000 8.499998 1.250002 0.553262 0.505524 -1
0 -1.500000 10.124996 1.250002 0.554341 0.504143 -1
0 -1.500000 -14.375004 1.250002 0.545882 0.774832 -1
0 0.000000 -6.625004 1.250002 0.549075 0.705779 -1
0 0.000000 -12.750004 1.250002 0.546960 0.773451 -1
0 -1.500000 -2.125003 1.250002 0.550111 0.639488 -1
0 -2.250000 0.324998 6.150002 0.550629 0.606342 -1
0 -2.250000 12.374997 1.250002 0.554859 0.470997 -1
0 -3.000000 16.249996 1.250002 0.555938 0.419898 -1
0 -3.000000 23.999996 1.250002 0.558614 0.334271 -1
0 -2.250000 20.124996 1.250002 0.557535 0.385371 -1
0 -5.250000 4.624999 1.250002 0.551148 0.523478 -1
0 -3.750000 4.524999 3.950002 0.551665 0.540051 -1
0 -4.500000 4.524999 3.950002 0.551406 0.531764 -1
0 -3.750000 12.374997 1.250002 0.554341 0.454425 -1
0 0.000000 23.999996 1.250002 0.559649 0.367417 -1
46
0.000000 0.000000 1.000000
0.350440 0.136006 0.926658
-0.491770 -0.101092 0.864837
-0.641764 0.017377 0.766705
-0.890401 -0.186143 0.415376
0.326451 0.283909 0.901568
0.046117 -0.104697 0.993434
-0.374243 -0.234539 0.897181
0.524121 -0.632917 0.569836
-0.272536 -0.472498 0.838135
0.070907 -0.090483 0.993371
-0.946036 0.183104 0.267373
-0.449787 0.057235 0.891300
-0.644422 0.118673 0.755405
0.040028 -0.188182 0.981318
0.691598 -0.006434 0.722254
-0.215530 0.065831 0.974276
-0.963518 0.000000 0.267644
-0.875609 0.083936 0.475671
-0.132993 0.183812 0.973923
0.110431 -0.348316 0.930850
0.713005 0.612824 0.340691
-0.322522 0.381162 0.866427
0.269578 0.613708 0.742085
-0.777086 0.244256 0.580066
-0.211318 0.080268 0.974116
-0.205843 0.199882 0.957954
-0.553179 -0.203803 0.807748
-0.802893 -0.569354 0.176630
-0.393207 0.164436 0.904626
0.176080 0.175558 0.968594
0.198230 0.538053 0.819271
0.603409 0.533633 0.592565
0.545010 0.200793 0.814031
-0.180151 -0.002989 0.983634
-0.427538 -0.427538 0.796506
0.015992 -0.062770 0.997900
0.151782 -0.595753 0.788696
0.006502 0.001930 0.999977
0.052803 0.200522 0.978265
-0.644969 0.000000 0.764209
0.634967 0.000000 0.772539
0.988488 0.000000 0.151299
-0.000000 0.561883 0.827217
-0.945479 0.182996 0.269411
-0.283554 0.393592 0.874461
128
0 0 1 2 0 0 1 11
0 3 2 4 2 1 0 11
0 3 5 6 2 3 4 11
0 7 8 9 0 0 0 11
0 10 11 12 0 0 0 11
0 13 14 15 0 0 0 11
0 16 17 18 0 0 5 11
0 19 20 21 0 6 0 11
0 10 22 23 0 0 7 11
0 24 25 26 8 9 10 11
0 27 28 29 11 12 13 11
0 30 31 20 0 0 6 11
0 32 33 34 14 15 16 11
0 35 36 28 0 0 12 11
0 3 37 38 2 17 18 11
0 39 40 41 0 19 0 11
0 42 43 18 20 21 5 11
0 16 18 44 0 5 0 11
0 1 44 2 0 0 1 11
0 45 5 26 22 3 10 11
0 42 24 2 20 8 1 11
0 4 26 5 0 10 3 11
0 46 47 34 23 24 16 11
0 48 32 5 25 14 3 11
0 6 34 47 4 16 24 11
0 49 50 41 0 0 0 11
0 51 39 8 0 0 0 11
0 9 41 50 0 0 0 11
0 52 12 53 26 0 27 11
0 54 55 23 28 29 7 11
0 23 55 53 7 29 27 11
0 17 56 57 0 0 30 11
0 52 58 14 26 31 0 11
0 15 57 56 0 30 0 11
0 59 18 55 32 5 29 11
0 58 55 57 31 29 30 11
0 57 55 60 30 29 33 11
0 61 62 63 0 0 34 11
0 48 63 64 25 34 35 11
0 20 64 21 6 35 0 11
0 42 54 25 20 28 9 11
0 65 25 66 0 9 0 11
0 66 25 67 0 9 0 11
0 48 45 63 25 22 34 11
0 61 63 68 0 34 0 11
0 25 68 26 9 0 10 11
0 69 70 71 36 37 38 11
0 72 71 73 39 38 40 11
0 28 73 29 12 40 13 11
0 48 20 74 25 6 41 11
0 75 33 76 0 15 0 11
0 76 33 74 0 15 41 11
0 72 46 71 39 23 38 11
0 69 71 77 36 38 0 11
0 33 71 78 15 38 42 11
0 72 79 80 39 0 0 11
0 81 80 82 0 0 0 11
0 36 82 28 0 0 12 11
0 51 38 83 0 18 0 11
0 84 40 47 43 19 24 11
0 47 85 38 24 44 18 11
0 81 49 80 0 0 0 11
0 72 80 86 39 0 0 11
0 40 86 41 19 0 0 11
0 3 1 0 2 0 0 11
0 3 4 5 2 0 3 11
0 3 6 47 2 4 24 11
0 7 9 50 0 0 0 11
0 11 23 12 0 7 0 11
0 13 15 56 0 0 0 11
0 17 57 18 0 30 5 11
0 30 20 19 0 6 0 11
0 22 66 23 0 0 7 11
0 42 25 24 20 9 8 11
0 87 28 27 45 12 11 11
0 31 76 20 0 0 6 11
0 48 33 32 25 15 14 11
0 87 36 35 45 0 0 11
0 37 47 38 17 24 18 11
0 51 40 39 0 19 0 11
0 43 2 18 21 1 5 11
0 16 44 1 0 0 0 11
0 44 18 2 0 5 1 11
0 48 5 45 25 3 22 11
0 24 26 2 8 10 1 11
0 2 26 4 1 10 0 11
0 72 47 46 39 24 23 11
0 32 34 5 14 16 3 11
0 5 34 6 3 16 4 11
0 81 50 49 0 0 0 11
0 39 41 8 0 0 0 11
0 8 41 9 0 0 0 11
0 52 53 55 26 27 29 11
0 42 55 54 20 29 28 11
0 23 53 12 7 27 0 11
0 16 56 17 0 0 0 11
0 58 57 14 31 30 0 11
0 14 57 15 0 30 0 11
0 42 18 59 20 5 32 11
0 52 55 58 26 29 31 11
0 57 60 18 30 33 5 11
0 62 21 63 0 0 34 11
0 48 64 20 25 35 6 11
0 64 63 21 35 34 0 11
0 54 23 25 28 7 9 11
0 61 25 65 0 9 0 11
0 66 67 23 0 0 7 11
0 45 26 63 22 10 34 11
0 61 68 25 0 0 9 11
0 68 63 26 0 34 10 11
0 70 29 71 37 13 38 11
0 72 73 28 39 40 12 11
0 73 71 29 40 38 13 11
0 48 74 33 25 41 15 11
0 69 33 75 36 15 0 11
0 76 74 20 0 41 6 11
0 46 34 71 23 16 38 11
0 69 77 33 36 0 15 11
0 33 78 34 15 42 16 11
0 79 28 80 0 12 0 11
0 81 82 36 0 0 0 11
0 82 80 28 0 0 12 11
0 51 83 40 0 0 19 11
0 72 40 84 39 19 43 11
0 85 40 38 44 19 18 11
0 49 41 80 0 0 0 11
0 72 86 40 39 0 19 11
0 86 80 41 0 0 0 11
"shell" 1 0
222
1 -0.001196 -32.269905 0.250000 0.125000 0.980509 -1
1 8.016565 -24.252142 0.250000 0.156319 0.855232 -1
1 -0.001196 -30.855707 0.250000 0.125000 0.958412 -1
1 32.069855 -0.198804 0.250000 0.250277 0.479399 -1
1 29.241447 -0.198804 0.250000 0.239229 0.479399 -1
1 -0.001196 -29.641497 5.850000 0.125000 0.936315 -1
1 28.802094 3.068964 0.250000 0.237512 0.428340 -1
1 30.655647 -0.198804 0.250000 0.244753 0.479399 -1
1 21.559479 9.604499 0.250000 0.209221 0.326223 -1
1 18.998817 11.458055 0.250000 0.199218 0.297261 -1
1 24.120132 6.336731 0.250000 0.219223 0.377281 -1
1 18.998817 12.872267 0.250000 0.199218 0.275164 -1
1 16.998817 10.872267 0.250000 0.191406 0.306414 -1
1 10.998819 4.872268 0.250000 0.167968 0.400164 -1
1 9.998819 2.458053 0.250000 0.164062 0.437886 -1
1 12.498819 4.958054 0.250000 0.173827 0.398823 -1
1 10.998819 16.836744 0.250000 0.167968 0.213219 -1
1 10.498819 9.647398 0.250000 0.166015 0.325552 -1
1 10.498819 21.611876 0.250000 0.166015 0.138608 -1
1 9.998819 27.801218 0.250000 0.164062 0.041899 -1
1 9.998819 14.422529 0.250000 0.164062 0.250941 -1
1 10.998819 28.801222 0.250000 0.167968 0.026274 -1
1 5.498827 28.801222 0.250000 0.146484 0.026274 -1
1 -6.001173 28.301222 0.250000 0.101562 0.034086 -1
1 -10.001181 27.801218 0.250000 0.085937 0.041899 -1
1 -1.001173 27.801218 0.250000 0.121093 0.041899 -1
1 -11.001173 28.801222 0.250000 0.082031 0.026274 -1
1 -11.001173 22.818983 0.250000 0.082031 0.119746 -1
1 -11.001173 4.872268 0.250000 0.082031 0.400163 -1
1 -9.001188 0.043838 0.250000 0.089843 0.475608 -1
1 -9.001188 26.801218 0.250000 0.089843 0.057524 -1
1 -15.001177 8.872267 0.250000 0.066406 0.337663 -1
1 -12.501181 5.665160 0.250000 0.076171 0.387774 -1
1 -16.501183 9.665159 0.250000 0.060547 0.325274 -1
1 -19.001183 11.458055 0.250000 0.050781 0.297260 -1
1 -14.001184 6.458052 0.250000 0.070312 0.375385 -1
1 -19.001183 12.872267 0.250000 0.050781 0.275163 -1
1 -22.268948 9.604499 0.250000 0.038016 0.326222 -1
1 -28.804482 2.361857 0.250000 0.012487 0.439389 -1
1 -30.658035 -0.198804 0.250000 0.005247 0.479399 -1
1 -25.536713 4.922519 0.250000 0.025252 0.399378 -1
1 -32.072239 -0.198804 0.250000 -0.000277 0.479399 -1
1 -24.054482 -8.216583 0.250000 0.031042 0.604676 -1
1 -7.311850 -24.252142 0.250000 0.096443 0.855232 -1
1 -14.622507 -16.234362 0.250000 0.067886 0.729954 -1
1 7.309465 -22.130823 0.250000 0.153557 0.822086 -1
1 -0.001196 -27.220163 0.800001 0.125000 0.903170 -1
1 24.998817 0.001196 1.350002 0.222656 0.479399 -1
1 -0.001196 -24.998827 1.350002 0.125000 0.870024 -1
1 26.680786 2.361857 0.250000 0.229226 0.439389 -1
1 27.120132 -0.098804 0.800001 0.230942 0.479399 -1
1 20.498817 7.533180 0.525000 0.205077 0.359368 -1
1 18.998817 8.022523 0.800001 0.199218 0.352503 -1
1 21.998817 5.022519 0.800001 0.210937 0.399378 -1
1 18.998817 10.043842 0.250000 0.199218 0.319358 -1
1 16.498817 7.143841 8.450001 0.189452 0.358420 -1
1 8.998819 0.043838 0.250000 0.160156 0.475608 -1
1 5.998819 -6.998820 1.350002 0.148437 0.588774 -1
1 18.998817 6.001204 1.350002 0.199218 0.385649 -1
1 8.998819 26.801218 0.250000 0.160156 0.057524 -1
1 5.998819 24.001207 1.350002 0.148437 0.104399 -1
1 3.898821 26.201220 5.849998 0.142578 0.057524 -1
1 7.498819 25.401213 0.800001 0.154296 0.080962 -1
1 -5.251188 26.101213 0.525000 0.104492 0.069243 -1
1 -7.501188 25.401213 0.800001 0.095702 0.080962 -1
1 -1.501188 24.801210 7.000001 0.119140 0.080962 -1
1 -9.001188 20.111872 0.250000 0.089843 0.162045 -1
1 -7.501188 -3.477491 0.800001 0.095702 0.532191 -1
1 -7.501188 4.272515 0.800001 0.095702 0.411097 -1
1 -14.001184 5.043840 0.250000 0.070312 0.397483 -1
1 -10.751188 0.783175 0.525000 0.083007 0.464837 -1
1 -15.751184 5.783177 0.525000 0.063476 0.386712 -1
1 -19.001183 8.022523 0.800001 0.050781 0.352503 -1
1 -12.501188 1.522511 0.800001 0.076170 0.454066 -1
1 -19.001183 10.043842 0.250000 0.050781 0.319358 -1
1 -29.243820 -0.198804 0.250000 0.010771 0.479399 -1
1 -19.001183 6.001204 1.350002 0.050781 0.385649 -1
1 -26.683159 1.351198 0.525000 0.020774 0.455961 -1
1 -27.122494 -0.098804 0.800001 0.019057 0.479399 -1
1 -24.122501 2.901200 0.800001 0.030776 0.432524 -1
1 -21.933167 -7.509477 0.250000 0.039328 0.593628 -1
1 -6.251188 -22.080824 0.525000 0.100586 0.822086 -1
1 -12.501181 -14.720151 0.800001 0.076172 0.707857 -1
1 -20.501179 4.501202 1.350002 0.044922 0.409086 -1
1 -14.251184 -1.748804 1.350002 0.069336 0.506743 -1
1 -6.001192 -6.998820 1.350002 0.101560 0.588774 -1
1 -9.251188 -3.748814 1.350002 0.088865 0.537993 -1
1 -4.501196 -11.498821 1.350002 0.107420 0.659087 -1
1 2.998812 24.001207 1.350002 0.136718 0.104399 -1
1 2.998812 16.251200 1.350002 0.136718 0.225493 -1
1 5.998819 0.751187 1.350002 0.148437 0.467680 -1
1 2.998812 -6.998820 1.350002 0.136718 0.588774 -1
1 4.498812 -11.498821 1.350002 0.142578 0.659087 -1
1 10.748819 -5.248816 1.350002 0.166992 0.561430 -1
1 15.748819 2.751198 1.350002 0.186523 0.436430 -1
1 20.498817 4.501202 1.350002 0.205077 0.409086 -1
1 -4.751188 -17.248819 1.350002 0.106445 0.748930 -1
1 -6.251188 -18.748823 1.350002 0.100586 0.772368 -1
1 -25.001167 0.001196 1.350002 0.027343 0.479399 -1
1 -18.751175 -6.248810 1.350002 0.051757 0.577055 -1
1 -23.501171 1.501198 1.350002 0.033202 0.455961 -1
1 -22.001175 3.001200 1.350002 0.039062 0.432524 -1
1 -17.251179 -4.748808 1.350002 0.057617 0.553618 -1
1 -15.751181 -3.648806 7.950002 0.063476 0.530180 -1
1 -1.501196 -20.498827 1.350002 0.119140 0.799712 -1
1 -15.751184 2.751198 1.350002 0.063476 0.436430 -1
1 -12.501188 -0.498808 1.350002 0.076170 0.487212 -1
1 -11.001188 -4.998810 1.350002 0.082030 0.557524 -1
1 -7.751192 -8.248816 1.350002 0.094725 0.608305 -1
1 -3.001188 0.751187 1.350002 0.113279 0.467680 -1
1 -6.001192 0.751187 1.350002 0.101560 0.467680 -1
1 -6.001192 24.001207 1.350002 0.101560 0.104399 -1
1 -6.001192 16.251200 1.350002 0.101560 0.225493 -1
1 -3.001188 24.001207 1.350002 0.113279 0.104399 -1
1 -0.001188 24.001207 1.350002 0.124998 0.104399 -1
1 -3.001188 16.251200 1.350002 0.113279 0.225493 -1
1 -0.001188 16.251200 1.350002 0.124998 0.225493 -1
1 -3.001188 -6.998820 1.350002 0.113279 0.588774 -1
1 5.998819 16.251200 1.350002 0.148437 0.225493 -1
1 5.998819 8.501194 1.350002 0.148437 0.346587 -1
1 2.998812 8.501194 1.350002 0.136718 0.346587 -1
1 2.998812 0.751187 1.350002 0.136718 0.467680 -1
1 1.498812 -20.498827 1.350002 0.130859 0.799712 -1
1 -0.001188 -6.998820 1.350002 0.124998 0.588774 -1
1 -1.501188 -11.498821 1.350002 0.119139 0.659087 -1
1 1.498812 -12.498821 11.750001 0.130858 0.659087 -1
1 20.248817 -1.748808 6.150001 0.204101 0.506743 -1
1 18.748810 -6.248810 1.350002 0.198242 0.577055 -1
1 6.248812 -18.748823 1.350002 0.149414 0.772368 -1
1 2.998812 -15.998823 1.350002 0.136718 0.729399 -1
1 7.748812 -14.248818 1.350002 0.155273 0.702055 -1
1 9.248812 -9.748817 1.350002 0.161132 0.631743 -1
1 23.498817 1.501198 1.350002 0.216796 0.455961 -1
1 9.248819 -3.748814 1.350002 0.161132 0.537993 -1
1 12.498819 -0.498808 1.350002 0.173827 0.487212 -1
1 13.998819 -1.998810 1.350002 0.179687 0.510649 -1
1 17.248817 1.251196 1.350002 0.192382 0.459868 -1
1 -9.501188 -9.498812 1.350002 0.087890 0.627837 -1
1 -3.001195 -15.998823 1.350002 0.113280 0.729399 -1
1 -0.401182 8.101194 8.750002 0.124998 0.346587 -1
1 15.498819 -4.498812 8.750001 0.185546 0.534087 -1
1 21.998817 3.001200 1.350002 0.210937 0.432524 -1
1 -12.501181 -12.498816 1.350002 0.076172 0.674712 -1
1 -11.001184 -10.998814 1.350002 0.082031 0.651274 -1
1 -6.251192 -12.748817 1.350002 0.100585 0.678618 -1
1 -6.001192 8.501194 1.350002 0.101560 0.346587 -1
1 -3.001188 8.501194 1.350002 0.113279 0.346587 -1
1 -0.001188 0.751187 1.350002 0.124998 0.467680 -1
1 -0.001188 -15.998823 1.350002 0.124999 0.729399 -1
1 12.498812 -12.498816 1.350002 0.173828 0.674712 -1
1 13.998812 -7.998814 1.350002 0.179687 0.604399 -1
1 18.748817 -0.248806 1.350002 0.198242 0.483305 -1
1 8.016565 -22.837931 0.250000 0.156319 0.833135 -1
1 24.052086 -8.216583 0.250000 0.218958 0.604676 -1
1 16.034325 -14.820149 0.250000 0.187639 0.707857 -1
1 16.034325 -16.234362 0.250000 0.187639 0.729954 -1
1 27.387894 3.068964 0.250000 0.231988 0.428340 -1
1 22.266571 9.604499 0.250000 0.211983 0.326223 -1
1 25.534332 6.336731 0.250000 0.224748 0.377281 -1
1 26.680786 3.068964 0.250000 0.229226 0.428340 -1
1 24.120132 3.722519 8.450001 0.219223 0.399378 -1
1 21.559479 8.190287 0.250000 0.209221 0.348320 -1
1 16.998817 9.458055 0.250000 0.191406 0.328511 -1
1 12.998819 6.872267 0.250000 0.175781 0.368914 -1
1 14.998819 7.458055 0.250000 0.183593 0.359761 -1
1 14.998819 8.872267 0.250000 0.183593 0.337664 -1
1 13.998819 5.043840 0.250000 0.179687 0.397483 -1
1 11.498819 2.543839 0.250000 0.169921 0.436545 -1
1 9.498819 7.233183 0.250000 0.162109 0.363275 -1
1 8.998819 13.422527 0.250000 0.160156 0.266566 -1
1 9.498819 20.611872 0.250000 0.162109 0.154233 -1
1 4.498827 27.801218 0.250000 0.142578 0.041899 -1
1 -5.501173 28.801222 0.250000 0.103515 0.026274 -1
1 -0.001173 28.801222 0.250000 0.125000 0.026274 -1
1 3.998827 27.301218 0.250000 0.140625 0.049711 -1
1 -0.001188 26.801218 0.250000 0.124999 0.057524 -1
1 -5.001188 27.301218 0.250000 0.105468 0.049711 -1
1 -10.001181 21.818979 0.250000 0.085937 0.135371 -1
1 -11.001173 10.854506 0.250000 0.082031 0.306691 -1
1 -10.001181 16.236742 6.650001 0.085937 0.228843 -1
1 -11.001173 16.836744 0.250000 0.082031 0.213218 -1
1 -11.501188 3.250945 0.250000 0.080077 0.425497 -1
1 -10.001181 2.458053 0.250000 0.085937 0.437885 -1
1 -16.501183 8.250947 0.250000 0.060547 0.347372 -1
1 -22.268948 8.190287 0.250000 0.038016 0.348319 -1
1 -28.804482 3.068964 0.250000 0.012487 0.428340 -1
1 -25.536713 6.336731 0.250000 0.025252 0.377281 -1
1 -22.268948 7.483181 0.250000 0.038016 0.359368 -1
1 -24.122501 4.922519 0.250000 0.030776 0.399378 -1
1 -27.390266 2.361857 0.250000 0.018011 0.439389 -1
1 -22.640274 -8.216583 0.250000 0.036566 0.604676 -1
1 -8.018957 -24.252142 0.250000 0.093681 0.855232 -1
1 -16.036720 -16.234362 0.250000 0.062362 0.729954 -1
1 -21.933167 -8.216583 0.250000 0.039328 0.604676 -1
1 -14.622507 -14.820149 0.250000 0.067886 0.707857 -1
1 -7.311850 -22.837931 0.250000 0.096443 0.833135 -1
1 7.309465 -19.909491 0.800001 0.153557 0.788941 -1
1 21.930786 -7.509477 0.250000 0.210672 0.593628 -1
1 14.620127 -12.598816 0.800001 0.182114 0.674712 -1
1 14.620127 -15.620149 9.450001 0.182114 0.707857 -1
1 24.559479 2.461858 0.800001 0.220940 0.439389 -1
1 21.559479 7.483181 0.250000 0.209221 0.359368 -1
1 23.498817 2.511858 1.075001 0.216796 0.439389 -1
1 20.498817 5.511861 1.075001 0.205077 0.392514 -1
1 16.498817 5.522522 0.800001 0.189452 0.391566 -1
1 13.998819 3.022521 0.800001 0.179687 0.430628 -1
1 2.998812 25.401213 0.800001 0.136718 0.080962 -1
1 -4.501188 26.801218 0.250000 0.107421 0.057524 -1
1 2.248812 24.701208 1.075001 0.133788 0.092680 -1
1 -3.751188 24.701208 1.075001 0.110350 0.092680 -1
1 -7.501188 18.711866 0.800001 0.095702 0.185483 -1
1 -9.001188 6.733183 0.250000 0.089843 0.371087 -1
1 -7.501188 12.022522 0.800001 0.095702 0.290004 -1
1 -9.001188 13.422527 0.250000 0.089843 0.266566 -1
1 -9.251188 -2.738154 1.075001 0.088865 0.521420 -1
1 -15.751184 3.761858 1.075001 0.063476 0.419858 -1
1 -21.561844 4.451202 1.075001 0.040778 0.409086 -1
1 -24.561836 1.451198 1.075001 0.029059 0.455961 -1
1 -19.811836 -7.409477 0.800001 0.047614 0.593628 -1
1 -7.311850 -22.130823 0.250000 0.096443 0.822086 -1
1 -18.751175 -7.359477 1.075001 0.051757 0.593628 -1
1 -6.251188 -19.859488 1.075001 0.100586 0.788941 -1
134
0.000000 0.000000 1.000000
-0.005004 -0.211970 0.977263
0.000000 0.062529 0.998043
0.229688 0.235555 0.944329
-0.021544 -0.850146 0.526106
0.199238 0.206591 0.957927
-0.298901 0.000000 0.954284
-0.225560 0.045272 0.973177
-0.461789 0.612899 0.641175
0.124975 -0.072587 0.989501
-0.103305 0.091133 0.990466
0.247073 -0.073105 0.966235
0.254636 0.135090 0.957555
0.048013 -0.240065 0.969569
0.681449 0.273412 0.678876
0.320096 0.012033 0.947309
0.253947 0.253947 0.933285
0.308657 0.118269 0.943792
-0.024036 0.117683 0.992760
0.539744 0.221025 0.812296
0.858907 -0.458570 0.228017
-0.057302 0.177850 0.982388
0.152172 0.088925 0.984346
-0.052438 0.262192 0.963590
0.479327 -0.175763 0.859856
0.192430 0.447377 0.873398
0.290473 -0.891257 0.348261
0.185685 -0.288140 0.939413
-0.135141 0.707069 0.694112
-0.285960 0.105326 0.952435
0.146909 0.648928 0.746532
-0.134912 0.519046 0.844032
-0.344255 0.000000 0.938876
-0.110737 0.107154 0.988056
-0.047746 0.134259 0.989795
-0.344256 0.000000 0.938876
0.253946 0.253946 0.933286
0.253946 0.253946 0.933286
0.253947 0.253946 0.933286
0.253948 0.253947 0.933285
0.253947 0.253946 0.933286
0.087185 0.261554 0.961243
-0.254011 0.093922 0.962630
0.000001 0.262553 0.964917
-0.253946 0.253945 0.933286
-0.251422 0.010445 0.967821
-0.253946 0.253945 0.933286
-0.233688 -0.233687 0.943812
0.246021 0.347602 0.904791
-0.317838 -0.289573 0.902844
0.103235 0.445712 0.889204
0.292411 0.230358 0.928133
0.172090 0.127309 0.976820
0.181989 0.237908 0.954086
0.374662 -0.000966 0.927161
-0.287082 0.180978 0.940654
-0.510199 -0.036588 0.859278
-0.304958 -0.240445 0.921513
-0.005001 -0.015360 0.999870
-0.182392 -0.137162 0.973612
-0.168026 0.193251 0.966655
0.345810 -0.065212 0.936036
-0.181989 0.237908 0.954086
-0.374662 -0.000966 0.927161
0.000000 -0.039733 0.999210
0.723552 -0.085038 0.685012
0.457466 0.031584 0.888666
0.351967 -0.531375 0.770558
0.191479 -0.260699 0.946241
-0.101353 -0.123160 0.987198
0.076229 0.554632 0.828596
-0.194324 0.303591 0.932776
0.235139 0.011817 0.971890
-0.018129 -0.010473 0.999781
-0.445513 0.383065 0.809184
-0.048058 -0.214582 0.975523
-0.363760 0.067994 0.929008
0.164084 -0.198388 0.966291
-0.191479 -0.260699 0.946241
0.236916 -0.480570 0.844348
-0.191240 0.528730 0.826965
0.460558 -0.460557 0.758797
0.211613 -0.211612 0.954170
0.772332 0.605208 0.192944
0.676595 0.701566 0.223663
0.007867 0.431493 0.902082
0.359061 0.496037 0.790584
-0.219676 0.183556 0.958149
-0.757144 0.632651 0.162744
-0.272939 0.113055 0.955365
-0.631925 0.126835 0.764581
-0.988012 0.000000 0.154376
-0.981877 0.097443 0.162552
-0.642375 0.063750 0.763734
-0.221801 -0.202239 0.953889
-0.483271 -0.440649 0.756490
-0.336472 0.336471 0.879530
-0.218036 0.408963 0.886120
-0.277187 0.374073 0.885007
-0.636177 0.648549 0.417927
-0.377905 -0.377904 0.845208
-0.511901 0.099326 0.853283
-0.701007 -0.637130 0.320396
0.253947 0.253947 0.933285
0.253947 0.253947 0.933285
0.253947 0.253947 0.933285
-0.253947 0.253947 0.933285
-0.253947 0.253947 0.933285
-0.253947 0.253947 0.933285
-0.089105 -0.034232 0.995434
0.191918 0.686703 0.701147
0.000000 0.958798 0.284089
0.080984 0.609583 0.788575
0.239210 -0.426134 0.872461
0.050696 -0.475481 0.878264
-0.213106 0.150900 0.965306
-0.157031 -0.508672 0.846519
-0.344255 0.000000 0.938876
-0.344256 0.000000 0.938876
-0.344256 0.000000 0.938876
0.057301 0.177849 0.982388
0.253947 0.253946 0.933286
0.253947 0.253947 0.933285
0.253948 0.253947 0.933285
-0.253946 0.253945 0.933286
-0.253946 0.253945 0.933286
-0.249017 -0.039789 0.967681
-0.253946 0.253945 0.933286
-0.233688 -0.233687 0.943811
-0.574680 -0.453004 0.681565
-0.233688 -0.233687 0.943812
-0.233687 -0.233687 0.943812
-0.233687 -0.233687 0.943812
-0.233687 -0.233687 0.943812
351
1 0 1 2 0 0 1 1
1 3 4 5 2 3 4 1
1 3 6 7 2 0 0 1
1 8 9 10 0 0 5 1
1 11 12 9 0 0 0 1
1 13 14 15 0 0 0 1
1 13 16 17 0 0 0 1
1 18 19 20 0 0 0 1
1 21 22 19 0 0 0 1
1 23 24 25 0 0 0 1
1 26 27 24 0 0 0 1
1 28 29 30 6 0 7 1
1 28 31 32 6 0 0 1
1 33 34 35 0 0 0 1
1 36 37 34 0 0 0 1
1 38 39 40 0 0 0 1
1 41 42 39 0 0 0 1
1 43 2 44 0 1 0 1
1 5 45 46 8 9 10 6
1 4 47 48 11 12 13 6
1 4 49 50 11 14 15 6
1 51 52 53 16 17 18 6
1 54 55 52 19 20 17 6
1 56 57 58 21 22 23 6
1 56 59 57 21 24 22 6
1 59 60 57 24 25 22 6
1 59 61 62 24 26 27 6
1 63 64 65 28 29 30 6
1 30 66 64 31 32 29 6
1 29 67 68 33 34 35 6
1 29 69 70 33 36 37 6
1 71 72 73 38 39 40 6
1 74 75 76 41 42 43 6
1 77 78 79 44 45 46 6
1 75 80 78 42 47 45 6
1 81 46 82 48 10 49 6
1 76 83 84 0 50 51 11
1 85 86 87 0 0 0 11
1 60 88 89 0 0 52 11
1 57 90 91 0 0 53 11
1 57 91 92 0 53 54 11
1 57 92 93 0 54 55 11
1 58 94 95 0 0 0 11
1 48 96 97 0 0 0 11
1 98 99 100 0 0 0 11
1 101 102 103 56 57 58 11
1 48 104 96 0 0 0 11
1 76 84 105 0 51 0 11
1 106 107 108 0 0 0 11
1 85 109 110 0 59 0 11
1 111 112 113 0 0 0 11
1 114 115 116 0 0 60 11
1 85 117 109 0 0 59 11
1 60 89 118 0 52 0 11
1 119 120 121 0 61 0 11
1 48 122 104 0 0 0 11
1 85 87 117 0 0 0 11
1 123 124 125 62 63 64 11
1 47 126 127 65 66 67 11
1 48 128 122 0 0 0 11
1 129 130 131 68 0 69 11
1 47 132 126 65 70 66 11
1 57 93 133 0 55 0 11
1 134 135 136 0 71 0 11
1 137 84 103 72 51 58 11
1 101 103 83 56 58 50 11
1 83 103 84 50 58 51 11
1 138 87 108 0 0 0 11
1 106 108 86 0 0 0 11
1 86 108 87 0 0 0 11
1 139 89 116 73 52 60 11
1 114 116 88 0 60 0 11
1 88 116 89 0 60 52 11
1 123 91 121 62 53 0 11
1 119 121 90 0 0 0 11
1 90 121 91 0 0 53 11
1 129 92 125 68 54 64 11
1 123 125 91 62 64 53 11
1 91 125 92 53 64 54 11
1 140 93 131 74 55 69 11
1 129 131 92 68 69 54 11
1 92 131 93 54 69 55 11
1 141 95 136 0 0 0 11
1 134 136 94 0 0 0 11
1 94 136 95 0 0 0 11
1 142 97 143 0 0 75 11
1 137 143 96 72 75 0 11
1 96 143 97 0 75 0 11
1 101 100 102 56 0 57 11
1 142 102 99 0 57 0 11
1 99 102 100 0 57 0 11
1 137 103 143 72 58 75 11
1 142 143 102 0 75 57 11
1 102 143 103 57 75 58 11
1 137 96 144 72 0 0 11
1 138 144 104 0 0 0 11
1 104 144 96 0 0 0 11
1 106 105 107 0 0 0 11
1 137 107 84 72 0 51 11
1 84 107 105 51 0 0 11
1 138 108 144 0 0 0 11
1 137 144 107 72 0 0 11
1 107 144 108 0 0 0 11
1 145 110 146 0 0 76 11
1 139 146 109 73 76 59 11
1 109 146 110 59 76 0 11
1 114 113 115 0 0 0 11
1 145 115 112 0 0 0 11
1 112 115 113 0 0 0 11
1 139 116 146 73 60 76 11
1 145 146 115 0 76 0 11
1 115 146 116 0 76 60 11
1 139 109 147 73 59 77 11
1 123 147 117 62 77 0 11
1 117 147 109 0 77 59 11
1 119 118 120 0 0 61 11
1 139 120 89 73 61 52 11
1 89 120 118 52 61 0 11
1 123 121 147 62 0 77 11
1 139 147 120 73 77 61 11
1 120 147 121 61 77 0 11
1 138 104 148 0 0 78 11
1 129 148 122 68 78 0 11
1 122 148 104 0 78 0 11
1 123 117 124 62 0 63 11
1 138 124 87 0 63 0 11
1 87 124 117 0 63 0 11
1 129 125 148 68 64 78 11
1 138 148 124 0 78 63 11
1 124 148 125 63 78 64 11
1 149 127 150 0 67 79 11
1 140 150 126 74 79 66 11
1 126 150 127 66 79 67 11
1 129 122 130 68 0 0 11
1 149 130 128 0 0 0 11
1 128 130 122 0 0 0 11
1 140 131 150 74 69 79 11
1 149 150 130 0 79 0 11
1 130 150 131 0 79 69 11
1 140 126 151 74 66 80 11
1 141 151 132 0 80 70 11
1 132 151 126 70 80 66 11
1 134 133 135 0 0 71 11
1 140 135 93 74 71 55 11
1 93 135 133 55 71 0 11
1 141 136 151 0 0 80 11
1 140 151 135 74 80 71 11
1 135 151 136 71 80 0 11
1 5 2 152 4 1 81 1
1 153 154 155 0 82 0 1
1 155 154 152 0 82 81 1
1 4 7 156 3 0 0 1
1 157 10 158 0 5 0 1
1 158 10 156 0 5 0 1
1 4 159 160 3 83 84 1
1 54 160 161 85 84 86 1
1 9 161 10 0 86 5 1
1 54 9 162 85 0 0 1
1 163 164 165 0 87 0 1
1 165 164 162 0 87 0 1
1 55 164 166 88 87 89 1
1 56 167 14 0 0 0 1
1 15 166 164 0 89 87 1
1 168 14 20 0 0 0 1
1 21 18 16 0 0 0 1
1 17 20 14 0 0 0 1
1 56 168 169 0 0 0 1
1 59 169 170 0 0 0 1
1 19 170 20 0 0 0 1
1 59 19 171 0 0 0 1
1 172 25 173 0 0 0 1
1 173 25 171 0 0 0 1
1 59 174 175 0 0 0 1
1 30 175 176 7 0 0 1
1 24 176 25 0 0 0 1
1 30 24 177 7 0 90 1
1 178 179 180 91 92 93 1
1 180 179 177 93 92 90 1
1 181 182 35 0 0 0 1
1 36 33 31 0 0 0 1
1 32 35 182 0 0 0 1
1 29 181 69 0 0 0 1
1 74 69 183 0 0 0 1
1 34 183 35 0 0 0 1
1 74 34 184 0 0 0 1
1 185 40 186 0 0 0 1
1 186 40 184 0 0 0 1
1 74 187 188 0 0 0 1
1 75 188 189 0 0 0 1
1 39 189 40 0 0 0 1
1 75 39 190 0 0 0 1
1 191 44 192 0 0 0 1
1 192 44 190 0 0 0 1
1 75 193 194 0 0 94 1
1 5 194 195 4 94 95 1
1 2 195 44 1 95 0 1
1 48 46 196 13 10 96 6
1 197 198 199 97 98 99 6
1 199 198 196 99 98 96 6
1 47 50 200 12 15 100 6
1 201 53 160 101 18 102 6
1 160 53 200 102 18 100 6
1 47 202 141 12 103 104 6
1 58 141 203 23 104 105 6
1 52 203 53 17 105 18 6
1 58 52 204 23 17 106 6
1 167 205 166 107 108 109 6
1 166 205 204 109 108 106 6
1 60 62 206 25 27 110 6
1 207 65 175 111 30 112 6
1 175 65 206 112 30 110 6
1 60 208 114 25 113 114 6
1 111 114 209 115 114 116 6
1 64 209 65 29 116 30 6
1 111 64 210 115 29 117 6
1 211 212 213 32 118 32 6
1 213 212 210 32 118 117 6
1 112 212 145 119 118 119 6
1 85 110 67 120 119 34 6
1 68 145 212 35 119 118 6
1 214 67 73 121 34 40 6
1 74 71 69 41 38 36 6
1 70 73 67 37 40 34 6
1 85 214 106 120 121 122 6
1 76 106 215 43 122 123 6
1 72 215 73 39 123 40 6
1 76 216 101 43 124 125 6
1 98 101 217 126 125 127 6
1 78 217 79 45 127 46 6
1 98 78 218 126 45 128 6
1 219 82 194 129 49 130 6
1 194 82 218 130 49 128 6
1 98 220 142 126 131 132 6
1 48 142 221 13 132 133 6
1 46 221 82 10 133 49 6
1 1 155 2 0 0 1 1
1 6 158 7 0 0 0 1
1 11 9 8 0 0 0 1
1 12 165 9 0 0 0 1
1 13 15 164 0 0 87 1
1 13 17 14 0 0 0 1
1 21 19 18 0 0 0 1
1 22 173 19 0 0 0 1
1 26 24 23 0 0 0 1
1 27 180 24 0 93 0 1
1 28 32 182 6 0 0 1
1 36 34 33 0 0 0 1
1 37 186 34 0 0 0 1
1 41 39 38 0 0 0 1
1 42 192 39 0 0 0 1
1 0 2 43 0 1 0 1
1 45 199 46 9 99 10 6
1 49 160 50 14 102 15 6
1 54 52 51 19 17 16 6
1 55 166 52 20 109 17 6
1 61 175 62 26 112 27 6
1 30 64 63 31 29 28 6
1 66 213 64 32 32 29 6
1 29 68 212 33 35 118 6
1 29 70 67 33 37 34 6
1 74 72 71 41 39 38 6
1 75 78 77 42 45 44 6
1 80 194 78 47 130 45 6
1 5 46 81 8 10 48 6
1 5 152 154 4 81 82 1
1 3 154 153 2 82 0 1
1 155 152 2 0 81 1 1
1 4 156 10 3 0 5 1
1 11 10 157 0 5 0 1
1 158 156 7 0 0 0 1
1 159 10 160 83 5 84 1
1 54 161 9 85 86 0 1
1 161 160 10 86 84 5 1
1 54 162 164 85 0 87 1
1 13 164 163 0 87 0 1
1 165 162 9 0 0 0 1
1 54 164 55 85 87 88 1
1 167 166 14 0 89 0 1
1 14 166 15 0 89 0 1
1 56 14 168 0 0 0 1
1 18 20 16 0 0 0 1
1 16 20 17 0 0 0 1
1 168 20 169 0 0 0 1
1 59 170 19 0 0 0 1
1 170 169 20 0 0 0 1
1 59 171 25 0 0 0 1
1 26 25 172 0 0 0 1
1 173 171 19 0 0 0 1
1 174 25 175 0 0 0 1
1 30 176 24 7 0 0 1
1 176 175 25 0 0 0 1
1 30 177 179 7 90 92 1
1 28 179 178 6 92 91 1
1 180 177 24 93 90 0 1
1 29 182 181 0 0 0 1
1 33 35 31 0 0 0 1
1 31 35 32 0 0 0 1
1 181 35 69 0 0 0 1
1 74 183 34 0 0 0 1
1 183 69 35 0 0 0 1
1 74 184 40 0 0 0 1
1 41 40 185 0 0 0 1
1 186 184 34 0 0 0 1
1 187 40 188 0 0 0 1
1 75 189 39 0 0 0 1
1 189 188 40 0 0 0 1
1 75 190 44 0 0 0 1
1 0 44 191 0 0 0 1
1 192 190 39 0 0 0 1
1 193 44 194 0 0 94 1
1 5 195 2 4 95 1 1
1 195 194 44 95 94 0 1
1 48 196 198 13 96 98 6
1 4 198 197 11 98 97 6
1 199 196 46 99 96 10 6
1 47 200 53 12 100 18 6
1 54 53 201 19 18 101 6
1 160 200 50 102 100 15 6
1 202 53 141 103 18 104 6
1 58 203 52 23 105 17 6
1 203 141 53 105 104 18 6
1 58 204 205 23 106 108 6
1 56 205 167 21 108 107 6
1 166 204 52 109 106 17 6
1 60 206 65 25 110 30 6
1 30 65 207 31 30 111 6
1 175 206 62 112 110 27 6
1 208 65 114 113 30 114 6
1 111 209 64 115 116 29 6
1 209 114 65 116 114 30 6
1 111 210 212 115 117 118 6
1 29 212 211 33 118 32 6
1 213 210 64 32 117 29 6
1 111 212 112 115 118 119 6
1 110 145 67 119 119 34 6
1 67 145 68 34 119 35 6
1 85 67 214 120 34 121 6
1 71 73 69 38 40 36 6
1 69 73 70 36 40 37 6
1 214 73 106 121 40 122 6
1 76 215 72 43 123 39 6
1 215 106 73 123 122 40 6
1 216 79 101 124 46 125 6
1 98 217 78 126 127 45 6
1 217 101 79 127 125 46 6
1 98 218 82 126 128 49 6
1 5 82 219 8 49 129 6
1 194 218 78 130 128 45 6
1 220 82 142 131 49 132 6
1 48 221 46 13 133 10 6
1 221 142 82 133 132 49 6
