// MilkShape 3D ASCII

Frames: 30
Frame: 1

Meshes: 7
"cells" 0 1
55
0 0.000000 -31.071070 0.622816 0.031458 0.053723 -1
0 32.071068 1.000000 0.622816 0.044719 0.040459 -1
0 0.000000 -28.242643 0.622816 0.031458 0.052554 -1
0 29.242641 1.000000 0.622816 0.043549 0.040459 -1
0 19.000000 14.071068 0.622816 0.039314 0.035053 -1
0 19.000000 11.242641 0.622816 0.039314 0.036223 -1
0 11.000000 6.071067 0.622816 0.036343 0.038362 -1
0 9.000000 1.242640 0.622816 0.035516 0.040283 -1
0 11.000000 30.000000 0.622816 0.036343 0.028465 -1
0 9.000000 28.000000 0.622816 0.035516 0.029292 -1
0 -11.000000 30.000000 0.622816 0.026572 0.028465 -1
0 -9.000000 28.000000 0.622816 0.027399 0.029292 -1
0 -11.000000 6.071067 0.622816 0.026572 0.038362 -1
0 -9.000000 1.242640 0.622816 0.027399 0.040283 -1
0 -19.000000 14.071068 0.622816 0.023601 0.035053 -1
0 -19.000000 11.242641 0.622816 0.023601 0.036223 -1
0 -32.071068 1.000000 0.622816 0.018196 0.040459 -1
0 -29.242641 1.000000 0.622816 0.019366 0.040459 -1
0 0.000000 -28.242643 0.622816 0.500000 0.936456 -1
0 29.242641 1.000000 0.622816 0.950939 0.485414 -1
0 0.000000 -24.000000 0.622816 0.500000 0.871017 -1
0 25.000000 1.000000 0.622816 0.885515 0.485414 -1
0 19.000000 11.242641 0.622816 0.792992 0.327431 -1
0 19.000000 7.000000 0.622816 0.792992 0.392870 -1
0 9.000000 1.242640 0.622816 0.651355 0.478852 -1
0 6.000000 -6.000000 0.622816 0.592524 0.593383 -1
0 9.000000 28.000000 0.622816 0.651355 0.068964 -1
0 6.000000 25.000000 0.622816 0.592524 0.115236 -1
0 -9.000000 28.000000 0.622816 0.348646 0.068964 -1
0 -6.000000 25.000000 0.622816 0.407477 0.115236 -1
0 -9.000000 1.242640 0.622816 0.348646 0.478852 -1
0 -6.000000 -6.000000 0.622816 0.407477 0.593383 -1
0 -19.000000 11.242641 0.622816 0.207009 0.327431 -1
0 -19.000000 7.000000 0.622816 0.207009 0.392870 -1
0 -29.242641 1.000000 0.622816 0.049061 0.485414 -1
0 -25.000000 1.000000 0.622816 0.114485 0.485414 -1
0 0.003530 -23.438393 0.622816 0.503354 0.849639 -1
0 24.219559 0.792938 0.622816 0.862324 0.490267 -1
0 19.000000 6.000001 0.622816 0.784931 0.413042 -1
0 0.003530 -12.972013 0.622816 0.503354 0.694413 -1
0 0.006654 -7.319974 0.622816 0.500000 0.612434 -1
0 -18.986691 6.000001 0.622816 0.221776 0.413042 -1
0 -24.206251 0.792942 0.622816 0.144383 0.490267 -1
0 5.932364 -1.384737 0.622816 0.591481 0.520812 -1
0 -5.928834 -1.384737 0.622816 0.408520 0.520812 -1
0 5.932364 3.797693 0.622816 0.591481 0.442263 -1
0 5.932364 13.678823 0.622816 0.591481 0.289855 -1
0 5.932364 7.850110 0.622816 0.591481 0.379758 -1
0 -5.928834 7.850108 0.622816 0.408520 0.379758 -1
0 -5.928834 13.678824 0.622816 0.408520 0.289855 -1
0 -5.928834 3.797693 0.622816 0.408520 0.442262 -1
0 -5.928834 18.085644 0.622816 0.408520 0.221884 -1
0 -5.928834 23.914360 0.622816 0.408520 0.131981 -1
0 5.932364 18.085644 0.622816 0.591481 0.221884 -1
0 5.932364 23.914360 0.622816 0.591481 0.131981 -1
1
0.000000 0.000000 1.000000
70
0 0 1 2 0 0 0 1
0 1 3 2 0 0 0 1
0 1 4 3 0 0 0 1
0 4 5 3 0 0 0 1
0 4 6 5 0 0 0 1
0 6 7 5 0 0 0 1
0 6 8 7 0 0 0 1
0 8 9 7 0 0 0 1
0 8 10 9 0 0 0 1
0 10 11 9 0 0 0 1
0 10 12 11 0 0 0 1
0 12 13 11 0 0 0 1
0 12 14 13 0 0 0 1
0 14 15 13 0 0 0 1
0 14 16 15 0 0 0 1
0 16 17 15 0 0 0 1
0 16 0 17 0 0 0 1
0 0 2 17 0 0 0 1
0 18 19 20 0 0 0 6
0 19 21 20 0 0 0 6
0 19 22 21 0 0 0 6
0 22 23 21 0 0 0 6
0 22 24 23 0 0 0 6
0 24 25 23 0 0 0 6
0 24 26 25 0 0 0 6
0 26 27 25 0 0 0 6
0 26 28 27 0 0 0 6
0 28 29 27 0 0 0 6
0 28 30 29 0 0 0 6
0 30 31 29 0 0 0 6
0 30 32 31 0 0 0 6
0 32 33 31 0 0 0 6
0 32 34 33 0 0 0 6
0 34 35 33 0 0 0 6
0 34 18 35 0 0 0 6
0 18 20 35 0 0 0 6
0 36 20 21 0 0 0 1
0 36 21 37 0 0 0 1
0 37 21 23 0 0 0 1
0 37 23 38 0 0 0 1
0 39 38 23 0 0 0 1
0 25 40 39 0 0 0 1
0 23 25 39 0 0 0 1
0 33 41 39 0 0 0 1
0 39 40 31 0 0 0 1
0 39 31 33 0 0 0 1
0 41 33 35 0 0 0 1
0 41 35 42 0 0 0 1
0 42 35 20 0 0 0 1
0 42 20 36 0 0 0 1
0 25 43 40 0 0 0 1
0 40 44 31 0 0 0 1
0 45 43 25 0 0 0 1
0 25 46 47 0 0 0 1
0 25 47 45 0 0 0 1
0 48 49 31 0 0 0 1
0 31 44 50 0 0 0 1
0 31 50 48 0 0 0 1
0 51 52 29 0 0 0 1
0 29 49 51 0 0 0 1
0 53 46 27 0 0 0 1
0 27 54 53 0 0 0 1
0 27 46 25 0 0 0 1
0 31 49 29 0 0 0 1
0 29 52 54 0 0 0 1
0 29 54 27 0 0 0 1
0 51 49 46 0 0 0 1
0 51 46 53 0 0 0 1
0 47 48 50 0 0 0 1
0 47 50 45 0 0 0 1
"scroller" 0 0
24
0 0.003530 -12.972013 0.622816 0.664104 0.735058 -1
0 0.003530 -23.438393 0.622816 0.820240 0.891194 -1
0 24.219559 0.792938 0.622816 0.806601 0.181875 -1
0 19.000000 6.000001 0.622816 0.653930 0.179190 -1
0 5.932364 3.797693 0.622816 0.499031 0.399797 -1
0 0.003530 3.797693 0.622816 0.413937 0.484891 -1
0 0.006654 -7.319974 0.622816 0.579721 0.650956 -1
0 5.932364 -1.384737 0.622816 0.576341 0.477107 -1
0 5.932364 23.914360 0.622816 0.198934 0.099699 -1
0 0.003530 23.914360 0.622816 0.113840 0.184793 -1
0 0.003530 18.085644 0.622816 0.200791 0.271745 -1
0 5.932364 18.085644 0.622816 0.285886 0.186651 -1
0 5.932364 13.678823 0.622816 0.351626 0.252391 -1
0 0.003530 13.678824 0.622816 0.266532 0.337486 -1
0 0.003530 7.850108 0.622816 0.353483 0.424438 -1
0 5.932364 7.850110 0.622816 0.438578 0.339343 -1
0 -24.206251 0.792942 0.622816 0.806601 0.181875 -1
0 -18.986691 6.000001 0.622816 0.653930 0.179190 -1
0 -5.928834 3.797693 0.622816 0.499031 0.399797 -1
0 -5.928834 -1.384737 0.622816 0.576341 0.477107 -1
0 -5.928834 23.914360 0.622816 0.198934 0.099699 -1
0 -5.928834 18.085644 0.622816 0.285886 0.186651 -1
0 -5.928834 13.678824 0.622816 0.351626 0.252391 -1
0 -5.928834 7.850108 0.622816 0.438578 0.339343 -1
1
0.000000 0.000000 1.000000
16
0 0 1 2 0 0 0 1
0 0 2 3 0 0 0 1
0 4 5 6 0 0 0 1
0 4 6 7 0 0 0 1
0 8 9 10 0 0 0 1
0 8 10 11 0 0 0 1
0 12 13 14 0 0 0 1
0 12 14 15 0 0 0 1
0 1 0 16 0 0 0 1
0 16 0 17 0 0 0 1
0 5 18 6 0 0 0 1
0 6 18 19 0 0 0 1
0 9 20 10 0 0 0 1
0 10 20 21 0 0 0 1
0 13 22 14 0 0 0 1
0 14 22 23 0 0 0 1
"Duplicate09" 0 0
79
0 0.000000 -31.071070 2.622816 0.031458 0.053723 -1
0 32.071068 1.000000 2.622816 0.044719 0.040459 -1
0 0.000000 -28.242643 2.622816 0.031458 0.052554 -1
0 29.242641 1.000000 2.622816 0.043549 0.040459 -1
0 19.000000 14.071068 2.622816 0.039314 0.035053 -1
0 19.000000 11.242641 2.622816 0.039314 0.036223 -1
0 11.000000 6.071067 2.622816 0.036343 0.038362 -1
0 9.000000 1.242640 2.622816 0.035516 0.040283 -1
0 11.000000 30.000000 2.622816 0.036343 0.028465 -1
0 9.000000 28.000000 2.622816 0.035516 0.029292 -1
0 -11.000000 30.000000 2.622816 0.026572 0.028465 -1
0 -9.000000 28.000000 2.622816 0.027399 0.029292 -1
0 -11.000000 6.071067 2.622816 0.026572 0.038362 -1
0 -9.000000 1.242640 2.622816 0.027399 0.040283 -1
0 -19.000000 14.071068 2.622816 0.023601 0.035053 -1
0 -19.000000 11.242641 2.622816 0.023601 0.036223 -1
0 -32.071068 1.000000 2.622816 0.018196 0.040459 -1
0 -29.242641 1.000000 2.622816 0.019366 0.040459 -1
0 0.000000 -28.242643 2.622816 0.500000 0.936456 -1
0 29.242641 1.000000 2.622816 0.950939 0.485414 -1
0 0.000000 -24.000000 2.622816 0.500000 0.871017 -1
0 25.000000 1.000000 2.622816 0.885515 0.485414 -1
0 19.000000 11.242641 2.622816 0.792992 0.327431 -1
0 19.000000 7.000000 2.622816 0.792992 0.392870 -1
0 9.000000 1.242640 2.622816 0.651355 0.478852 -1
0 6.000000 -6.000000 2.622816 0.592524 0.593383 -1
0 9.000000 28.000000 2.622816 0.651355 0.068964 -1
0 6.000000 25.000000 2.622816 0.592524 0.115236 -1
0 -9.000000 28.000000 2.622816 0.348646 0.068964 -1
0 -6.000000 25.000000 2.622816 0.407477 0.115236 -1
0 -9.000000 1.242640 2.622816 0.348646 0.478852 -1
0 -6.000000 -6.000000 2.622816 0.407477 0.593383 -1
0 -19.000000 11.242641 2.622816 0.207009 0.327431 -1
0 -19.000000 7.000000 2.622816 0.207009 0.392870 -1
0 -29.242641 1.000000 2.622816 0.049061 0.485414 -1
0 -25.000000 1.000000 2.622816 0.114485 0.485414 -1
0 0.003530 -23.438393 2.622816 0.503354 0.849639 -1
0 24.219559 0.792938 2.622816 0.862324 0.490267 -1
0 19.000000 6.000001 2.622816 0.784931 0.413042 -1
0 0.003530 -12.972013 2.622816 0.503354 0.694413 -1
0 0.006654 -7.319974 2.622816 0.500000 0.612434 -1
0 -18.986691 6.000001 2.622816 0.221776 0.413042 -1
0 -24.206251 0.792942 2.622816 0.144383 0.490267 -1
0 5.932364 -1.384737 2.622816 0.591481 0.520812 -1
0 -5.928834 -1.384737 2.622816 0.408520 0.520812 -1
0 5.932364 3.797693 2.622816 0.591481 0.442263 -1
0 5.932364 13.678823 2.622816 0.591481 0.289855 -1
0 5.932364 7.850110 2.622816 0.591481 0.379758 -1
0 -5.928834 7.850108 2.622816 0.408520 0.379758 -1
0 -5.928834 13.678824 2.622816 0.408520 0.289855 -1
0 -5.928834 3.797693 2.622816 0.408520 0.442262 -1
0 -5.928834 18.085644 2.622816 0.408520 0.221884 -1
0 -5.928834 23.914360 2.622816 0.408520 0.131981 -1
0 5.932364 18.085644 2.622816 0.591481 0.221884 -1
0 5.932364 23.914360 2.622816 0.591481 0.131981 -1
0 0.003530 -12.972013 2.622816 0.664104 0.735058 -1
0 0.003530 -23.438393 2.622816 0.820240 0.891194 -1
0 24.219559 0.792938 2.622816 0.806601 0.181875 -1
0 19.000000 6.000001 2.622816 0.653930 0.179190 -1
0 5.932364 3.797693 2.622816 0.499031 0.399797 -1
0 0.003530 3.797693 2.622816 0.413937 0.484891 -1
0 0.006654 -7.319974 2.622816 0.579721 0.650956 -1
0 5.932364 -1.384737 2.622816 0.576341 0.477107 -1
0 5.932364 23.914360 2.622816 0.198934 0.099699 -1
0 0.003530 23.914360 2.622816 0.113840 0.184793 -1
0 0.003530 18.085644 2.622816 0.200791 0.271745 -1
0 5.932364 18.085644 2.622816 0.285886 0.186651 -1
0 5.932364 13.678823 2.622816 0.351626 0.252391 -1
0 0.003530 13.678824 2.622816 0.266532 0.337486 -1
0 0.003530 7.850108 2.622816 0.353483 0.424438 -1
0 5.932364 7.850110 2.622816 0.438578 0.339343 -1
0 -24.206251 0.792942 2.622816 0.806601 0.181875 -1
0 -18.986691 6.000001 2.622816 0.653930 0.179190 -1
0 -5.928834 3.797693 2.622816 0.499031 0.399797 -1
0 -5.928834 -1.384737 2.622816 0.576341 0.477107 -1
0 -5.928834 23.914360 2.622816 0.198934 0.099699 -1
0 -5.928834 18.085644 2.622816 0.285886 0.186651 -1
0 -5.928834 13.678824 2.622816 0.351626 0.252391 -1
0 -5.928834 7.850108 2.622816 0.438578 0.339343 -1
1
0.000000 0.000000 1.000000
86
0 0 1 2 0 0 0 1
0 1 3 2 0 0 0 1
0 1 4 3 0 0 0 1
0 4 5 3 0 0 0 1
0 4 6 5 0 0 0 1
0 6 7 5 0 0 0 1
0 6 8 7 0 0 0 1
0 8 9 7 0 0 0 1
0 8 10 9 0 0 0 1
0 10 11 9 0 0 0 1
0 10 12 11 0 0 0 1
0 12 13 11 0 0 0 1
0 12 14 13 0 0 0 1
0 14 15 13 0 0 0 1
0 14 16 15 0 0 0 1
0 16 17 15 0 0 0 1
0 16 0 17 0 0 0 1
0 0 2 17 0 0 0 1
0 18 19 20 0 0 0 6
0 19 21 20 0 0 0 6
0 19 22 21 0 0 0 6
0 22 23 21 0 0 0 6
0 22 24 23 0 0 0 6
0 24 25 23 0 0 0 6
0 24 26 25 0 0 0 6
0 26 27 25 0 0 0 6
0 26 28 27 0 0 0 6
0 28 29 27 0 0 0 6
0 28 30 29 0 0 0 6
0 30 31 29 0 0 0 6
0 30 32 31 0 0 0 6
0 32 33 31 0 0 0 6
0 32 34 33 0 0 0 6
0 34 35 33 0 0 0 6
0 34 18 35 0 0 0 6
0 18 20 35 0 0 0 6
0 36 20 21 0 0 0 1
0 36 21 37 0 0 0 1
0 37 21 23 0 0 0 1
0 37 23 38 0 0 0 1
0 39 38 23 0 0 0 1
0 25 40 39 0 0 0 1
0 23 25 39 0 0 0 1
0 33 41 39 0 0 0 1
0 39 40 31 0 0 0 1
0 39 31 33 0 0 0 1
0 41 33 35 0 0 0 1
0 41 35 42 0 0 0 1
0 42 35 20 0 0 0 1
0 42 20 36 0 0 0 1
0 25 43 40 0 0 0 1
0 40 44 31 0 0 0 1
0 45 43 25 0 0 0 1
0 25 46 47 0 0 0 1
0 25 47 45 0 0 0 1
0 48 49 31 0 0 0 1
0 31 44 50 0 0 0 1
0 31 50 48 0 0 0 1
0 51 52 29 0 0 0 1
0 29 49 51 0 0 0 1
0 53 46 27 0 0 0 1
0 27 54 53 0 0 0 1
0 27 46 25 0 0 0 1
0 31 49 29 0 0 0 1
0 29 52 54 0 0 0 1
0 29 54 27 0 0 0 1
0 51 49 46 0 0 0 1
0 51 46 53 0 0 0 1
0 47 48 50 0 0 0 1
0 47 50 45 0 0 0 1
0 55 56 57 0 0 0 1
0 55 57 58 0 0 0 1
0 59 60 61 0 0 0 1
0 59 61 62 0 0 0 1
0 63 64 65 0 0 0 1
0 63 65 66 0 0 0 1
0 67 68 69 0 0 0 1
0 67 69 70 0 0 0 1
0 56 55 71 0 0 0 1
0 71 55 72 0 0 0 1
0 60 73 61 0 0 0 1
0 61 73 74 0 0 0 1
0 64 75 65 0 0 0 1
0 65 75 76 0 0 0 1
0 68 77 69 0 0 0 1
0 69 77 78 0 0 0 1
"Duplicate10" 0 0
79
0 0.000000 -31.071070 4.622816 0.031458 0.053723 -1
0 32.071068 1.000000 4.622816 0.044719 0.040459 -1
0 0.000000 -28.242643 4.622816 0.031458 0.052554 -1
0 29.242641 1.000000 4.622816 0.043549 0.040459 -1
0 19.000000 14.071068 4.622816 0.039314 0.035053 -1
0 19.000000 11.242641 4.622816 0.039314 0.036223 -1
0 11.000000 6.071067 4.622816 0.036343 0.038362 -1
0 9.000000 1.242640 4.622816 0.035516 0.040283 -1
0 11.000000 30.000000 4.622816 0.036343 0.028465 -1
0 9.000000 28.000000 4.622816 0.035516 0.029292 -1
0 -11.000000 30.000000 4.622816 0.026572 0.028465 -1
0 -9.000000 28.000000 4.622816 0.027399 0.029292 -1
0 -11.000000 6.071067 4.622816 0.026572 0.038362 -1
0 -9.000000 1.242640 4.622816 0.027399 0.040283 -1
0 -19.000000 14.071068 4.622816 0.023601 0.035053 -1
0 -19.000000 11.242641 4.622816 0.023601 0.036223 -1
0 -32.071068 1.000000 4.622816 0.018196 0.040459 -1
0 -29.242641 1.000000 4.622816 0.019366 0.040459 -1
0 0.000000 -28.242643 4.622816 0.500000 0.936456 -1
0 29.242641 1.000000 4.622816 0.950939 0.485414 -1
0 0.000000 -24.000000 4.622816 0.500000 0.871017 -1
0 25.000000 1.000000 4.622816 0.885515 0.485414 -1
0 19.000000 11.242641 4.622816 0.792992 0.327431 -1
0 19.000000 7.000000 4.622816 0.792992 0.392870 -1
0 9.000000 1.242640 4.622816 0.651355 0.478852 -1
0 6.000000 -6.000000 4.622816 0.592524 0.593383 -1
0 9.000000 28.000000 4.622816 0.651355 0.068964 -1
0 6.000000 25.000000 4.622816 0.592524 0.115236 -1
0 -9.000000 28.000000 4.622816 0.348646 0.068964 -1
0 -6.000000 25.000000 4.622816 0.407477 0.115236 -1
0 -9.000000 1.242640 4.622816 0.348646 0.478852 -1
0 -6.000000 -6.000000 4.622816 0.407477 0.593383 -1
0 -19.000000 11.242641 4.622816 0.207009 0.327431 -1
0 -19.000000 7.000000 4.622816 0.207009 0.392870 -1
0 -29.242641 1.000000 4.622816 0.049061 0.485414 -1
0 -25.000000 1.000000 4.622816 0.114485 0.485414 -1
0 0.003530 -23.438393 4.622816 0.503354 0.849639 -1
0 24.219559 0.792938 4.622816 0.862324 0.490267 -1
0 19.000000 6.000001 4.622816 0.784931 0.413042 -1
0 0.003530 -12.972013 4.622816 0.503354 0.694413 -1
0 0.006654 -7.319974 4.622816 0.500000 0.612434 -1
0 -18.986691 6.000001 4.622816 0.221776 0.413042 -1
0 -24.206251 0.792942 4.622816 0.144383 0.490267 -1
0 5.932364 -1.384737 4.622816 0.591481 0.520812 -1
0 -5.928834 -1.384737 4.622816 0.408520 0.520812 -1
0 5.932364 3.797693 4.622816 0.591481 0.442263 -1
0 5.932364 13.678823 4.622816 0.591481 0.289855 -1
0 5.932364 7.850110 4.622816 0.591481 0.379758 -1
0 -5.928834 7.850108 4.622816 0.408520 0.379758 -1
0 -5.928834 13.678824 4.622816 0.408520 0.289855 -1
0 -5.928834 3.797693 4.622816 0.408520 0.442262 -1
0 -5.928834 18.085644 4.622816 0.408520 0.221884 -1
0 -5.928834 23.914360 4.622816 0.408520 0.131981 -1
0 5.932364 18.085644 4.622816 0.591481 0.221884 -1
0 5.932364 23.914360 4.622816 0.591481 0.131981 -1
0 0.003530 -12.972013 4.622816 0.664104 0.735058 -1
0 0.003530 -23.438393 4.622816 0.820240 0.891194 -1
0 24.219559 0.792938 4.622816 0.806601 0.181875 -1
0 19.000000 6.000001 4.622816 0.653930 0.179190 -1
0 5.932364 3.797693 4.622816 0.499031 0.399797 -1
0 0.003530 3.797693 4.622816 0.413937 0.484891 -1
0 0.006654 -7.319974 4.622816 0.579721 0.650956 -1
0 5.932364 -1.384737 4.622816 0.576341 0.477107 -1
0 5.932364 23.914360 4.622816 0.198934 0.099699 -1
0 0.003530 23.914360 4.622816 0.113840 0.184793 -1
0 0.003530 18.085644 4.622816 0.200791 0.271745 -1
0 5.932364 18.085644 4.622816 0.285886 0.186651 -1
0 5.932364 13.678823 4.622816 0.351626 0.252391 -1
0 0.003530 13.678824 4.622816 0.266532 0.337486 -1
0 0.003530 7.850108 4.622816 0.353483 0.424438 -1
0 5.932364 7.850110 4.622816 0.438578 0.339343 -1
0 -24.206251 0.792942 4.622816 0.806601 0.181875 -1
0 -18.986691 6.000001 4.622816 0.653930 0.179190 -1
0 -5.928834 3.797693 4.622816 0.499031 0.399797 -1
0 -5.928834 -1.384737 4.622816 0.576341 0.477107 -1
0 -5.928834 23.914360 4.622816 0.198934 0.099699 -1
0 -5.928834 18.085644 4.622816 0.285886 0.186651 -1
0 -5.928834 13.678824 4.622816 0.351626 0.252391 -1
0 -5.928834 7.850108 4.622816 0.438578 0.339343 -1
1
0.000000 0.000000 1.000000
86
0 0 1 2 0 0 0 1
0 1 3 2 0 0 0 1
0 1 4 3 0 0 0 1
0 4 5 3 0 0 0 1
0 4 6 5 0 0 0 1
0 6 7 5 0 0 0 1
0 6 8 7 0 0 0 1
0 8 9 7 0 0 0 1
0 8 10 9 0 0 0 1
0 10 11 9 0 0 0 1
0 10 12 11 0 0 0 1
0 12 13 11 0 0 0 1
0 12 14 13 0 0 0 1
0 14 15 13 0 0 0 1
0 14 16 15 0 0 0 1
0 16 17 15 0 0 0 1
0 16 0 17 0 0 0 1
0 0 2 17 0 0 0 1
0 18 19 20 0 0 0 6
0 19 21 20 0 0 0 6
0 19 22 21 0 0 0 6
0 22 23 21 0 0 0 6
0 22 24 23 0 0 0 6
0 24 25 23 0 0 0 6
0 24 26 25 0 0 0 6
0 26 27 25 0 0 0 6
0 26 28 27 0 0 0 6
0 28 29 27 0 0 0 6
0 28 30 29 0 0 0 6
0 30 31 29 0 0 0 6
0 30 32 31 0 0 0 6
0 32 33 31 0 0 0 6
0 32 34 33 0 0 0 6
0 34 35 33 0 0 0 6
0 34 18 35 0 0 0 6
0 18 20 35 0 0 0 6
0 36 20 21 0 0 0 1
0 36 21 37 0 0 0 1
0 37 21 23 0 0 0 1
0 37 23 38 0 0 0 1
0 39 38 23 0 0 0 1
0 25 40 39 0 0 0 1
0 23 25 39 0 0 0 1
0 33 41 39 0 0 0 1
0 39 40 31 0 0 0 1
0 39 31 33 0 0 0 1
0 41 33 35 0 0 0 1
0 41 35 42 0 0 0 1
0 42 35 20 0 0 0 1
0 42 20 36 0 0 0 1
0 25 43 40 0 0 0 1
0 40 44 31 0 0 0 1
0 45 43 25 0 0 0 1
0 25 46 47 0 0 0 1
0 25 47 45 0 0 0 1
0 48 49 31 0 0 0 1
0 31 44 50 0 0 0 1
0 31 50 48 0 0 0 1
0 51 52 29 0 0 0 1
0 29 49 51 0 0 0 1
0 53 46 27 0 0 0 1
0 27 54 53 0 0 0 1
0 27 46 25 0 0 0 1
0 31 49 29 0 0 0 1
0 29 52 54 0 0 0 1
0 29 54 27 0 0 0 1
0 51 49 46 0 0 0 1
0 51 46 53 0 0 0 1
0 47 48 50 0 0 0 1
0 47 50 45 0 0 0 1
0 55 56 57 0 0 0 1
0 55 57 58 0 0 0 1
0 59 60 61 0 0 0 1
0 59 61 62 0 0 0 1
0 63 64 65 0 0 0 1
0 63 65 66 0 0 0 1
0 67 68 69 0 0 0 1
0 67 69 70 0 0 0 1
0 56 55 71 0 0 0 1
0 71 55 72 0 0 0 1
0 60 73 61 0 0 0 1
0 61 73 74 0 0 0 1
0 64 75 65 0 0 0 1
0 65 75 76 0 0 0 1
0 68 77 69 0 0 0 1
0 69 77 78 0 0 0 1
"Duplicate11" 0 0
79
0 0.000000 -31.071070 6.622816 0.031458 0.053723 -1
0 32.071068 1.000000 6.622816 0.044719 0.040459 -1
0 0.000000 -28.242643 6.622816 0.031458 0.052554 -1
0 29.242641 1.000000 6.622816 0.043549 0.040459 -1
0 19.000000 14.071068 6.622816 0.039314 0.035053 -1
0 19.000000 11.242641 6.622816 0.039314 0.036223 -1
0 11.000000 6.071067 6.622816 0.036343 0.038362 -1
0 9.000000 1.242640 6.622816 0.035516 0.040283 -1
0 11.000000 30.000000 6.622816 0.036343 0.028465 -1
0 9.000000 28.000000 6.622816 0.035516 0.029292 -1
0 -11.000000 30.000000 6.622816 0.026572 0.028465 -1
0 -9.000000 28.000000 6.622816 0.027399 0.029292 -1
0 -11.000000 6.071067 6.622816 0.026572 0.038362 -1
0 -9.000000 1.242640 6.622816 0.027399 0.040283 -1
0 -19.000000 14.071068 6.622816 0.023601 0.035053 -1
0 -19.000000 11.242641 6.622816 0.023601 0.036223 -1
0 -32.071068 1.000000 6.622816 0.018196 0.040459 -1
0 -29.242641 1.000000 6.622816 0.019366 0.040459 -1
0 0.000000 -28.242643 6.622816 0.500000 0.936456 -1
0 29.242641 1.000000 6.622816 0.950939 0.485414 -1
0 0.000000 -24.000000 6.622816 0.500000 0.871017 -1
0 25.000000 1.000000 6.622816 0.885515 0.485414 -1
0 19.000000 11.242641 6.622816 0.792992 0.327431 -1
0 19.000000 7.000000 6.622816 0.792992 0.392870 -1
0 9.000000 1.242640 6.622816 0.651355 0.478852 -1
0 6.000000 -6.000000 6.622816 0.592524 0.593383 -1
0 9.000000 28.000000 6.622816 0.651355 0.068964 -1
0 6.000000 25.000000 6.622816 0.592524 0.115236 -1
0 -9.000000 28.000000 6.622816 0.348646 0.068964 -1
0 -6.000000 25.000000 6.622816 0.407477 0.115236 -1
0 -9.000000 1.242640 6.622816 0.348646 0.478852 -1
0 -6.000000 -6.000000 6.622816 0.407477 0.593383 -1
0 -19.000000 11.242641 6.622816 0.207009 0.327431 -1
0 -19.000000 7.000000 6.622816 0.207009 0.392870 -1
0 -29.242641 1.000000 6.622816 0.049061 0.485414 -1
0 -25.000000 1.000000 6.622816 0.114485 0.485414 -1
0 0.003530 -23.438393 6.622816 0.503354 0.849639 -1
0 24.219559 0.792938 6.622816 0.862324 0.490267 -1
0 19.000000 6.000001 6.622816 0.784931 0.413042 -1
0 0.003530 -12.972013 6.622816 0.503354 0.694413 -1
0 0.006654 -7.319974 6.622816 0.500000 0.612434 -1
0 -18.986691 6.000001 6.622816 0.221776 0.413042 -1
0 -24.206251 0.792942 6.622816 0.144383 0.490267 -1
0 5.932364 -1.384737 6.622816 0.591481 0.520812 -1
0 -5.928834 -1.384737 6.622816 0.408520 0.520812 -1
0 5.932364 3.797693 6.622816 0.591481 0.442263 -1
0 5.932364 13.678823 6.622816 0.591481 0.289855 -1
0 5.932364 7.850110 6.622816 0.591481 0.379758 -1
0 -5.928834 7.850108 6.622816 0.408520 0.379758 -1
0 -5.928834 13.678824 6.622816 0.408520 0.289855 -1
0 -5.928834 3.797693 6.622816 0.408520 0.442262 -1
0 -5.928834 18.085644 6.622816 0.408520 0.221884 -1
0 -5.928834 23.914360 6.622816 0.408520 0.131981 -1
0 5.932364 18.085644 6.622816 0.591481 0.221884 -1
0 5.932364 23.914360 6.622816 0.591481 0.131981 -1
0 0.003530 -12.972013 6.622816 0.664104 0.735058 -1
0 0.003530 -23.438393 6.622816 0.820240 0.891194 -1
0 24.219559 0.792938 6.622816 0.806601 0.181875 -1
0 19.000000 6.000001 6.622816 0.653930 0.179190 -1
0 5.932364 3.797693 6.622816 0.499031 0.399797 -1
0 0.003530 3.797693 6.622816 0.413937 0.484891 -1
0 0.006654 -7.319974 6.622816 0.579721 0.650956 -1
0 5.932364 -1.384737 6.622816 0.576341 0.477107 -1
0 5.932364 23.914360 6.622816 0.198934 0.099699 -1
0 0.003530 23.914360 6.622816 0.113840 0.184793 -1
0 0.003530 18.085644 6.622816 0.200791 0.271745 -1
0 5.932364 18.085644 6.622816 0.285886 0.186651 -1
0 5.932364 13.678823 6.622816 0.351626 0.252391 -1
0 0.003530 13.678824 6.622816 0.266532 0.337486 -1
0 0.003530 7.850108 6.622816 0.353483 0.424438 -1
0 5.932364 7.850110 6.622816 0.438578 0.339343 -1
0 -24.206251 0.792942 6.622816 0.806601 0.181875 -1
0 -18.986691 6.000001 6.622816 0.653930 0.179190 -1
0 -5.928834 3.797693 6.622816 0.499031 0.399797 -1
0 -5.928834 -1.384737 6.622816 0.576341 0.477107 -1
0 -5.928834 23.914360 6.622816 0.198934 0.099699 -1
0 -5.928834 18.085644 6.622816 0.285886 0.186651 -1
0 -5.928834 13.678824 6.622816 0.351626 0.252391 -1
0 -5.928834 7.850108 6.622816 0.438578 0.339343 -1
1
0.000000 0.000000 1.000000
86
0 0 1 2 0 0 0 1
0 1 3 2 0 0 0 1
0 1 4 3 0 0 0 1
0 4 5 3 0 0 0 1
0 4 6 5 0 0 0 1
0 6 7 5 0 0 0 1
0 6 8 7 0 0 0 1
0 8 9 7 0 0 0 1
0 8 10 9 0 0 0 1
0 10 11 9 0 0 0 1
0 10 12 11 0 0 0 1
0 12 13 11 0 0 0 1
0 12 14 13 0 0 0 1
0 14 15 13 0 0 0 1
0 14 16 15 0 0 0 1
0 16 17 15 0 0 0 1
0 16 0 17 0 0 0 1
0 0 2 17 0 0 0 1
0 18 19 20 0 0 0 6
0 19 21 20 0 0 0 6
0 19 22 21 0 0 0 6
0 22 23 21 0 0 0 6
0 22 24 23 0 0 0 6
0 24 25 23 0 0 0 6
0 24 26 25 0 0 0 6
0 26 27 25 0 0 0 6
0 26 28 27 0 0 0 6
0 28 29 27 0 0 0 6
0 28 30 29 0 0 0 6
0 30 31 29 0 0 0 6
0 30 32 31 0 0 0 6
0 32 33 31 0 0 0 6
0 32 34 33 0 0 0 6
0 34 35 33 0 0 0 6
0 34 18 35 0 0 0 6
0 18 20 35 0 0 0 6
0 36 20 21 0 0 0 1
0 36 21 37 0 0 0 1
0 37 21 23 0 0 0 1
0 37 23 38 0 0 0 1
0 39 38 23 0 0 0 1
0 25 40 39 0 0 0 1
0 23 25 39 0 0 0 1
0 33 41 39 0 0 0 1
0 39 40 31 0 0 0 1
0 39 31 33 0 0 0 1
0 41 33 35 0 0 0 1
0 41 35 42 0 0 0 1
0 42 35 20 0 0 0 1
0 42 20 36 0 0 0 1
0 25 43 40 0 0 0 1
0 40 44 31 0 0 0 1
0 45 43 25 0 0 0 1
0 25 46 47 0 0 0 1
0 25 47 45 0 0 0 1
0 48 49 31 0 0 0 1
0 31 44 50 0 0 0 1
0 31 50 48 0 0 0 1
0 51 52 29 0 0 0 1
0 29 49 51 0 0 0 1
0 53 46 27 0 0 0 1
0 27 54 53 0 0 0 1
0 27 46 25 0 0 0 1
0 31 49 29 0 0 0 1
0 29 52 54 0 0 0 1
0 29 54 27 0 0 0 1
0 51 49 46 0 0 0 1
0 51 46 53 0 0 0 1
0 47 48 50 0 0 0 1
0 47 50 45 0 0 0 1
0 55 56 57 0 0 0 1
0 55 57 58 0 0 0 1
0 59 60 61 0 0 0 1
0 59 61 62 0 0 0 1
0 63 64 65 0 0 0 1
0 63 65 66 0 0 0 1
0 67 68 69 0 0 0 1
0 67 69 70 0 0 0 1
0 56 55 71 0 0 0 1
0 71 55 72 0 0 0 1
0 60 73 61 0 0 0 1
0 61 73 74 0 0 0 1
0 64 75 65 0 0 0 1
0 65 75 76 0 0 0 1
0 68 77 69 0 0 0 1
0 69 77 78 0 0 0 1
"Duplicate12" 0 0
79
0 0.000000 -31.071070 8.622816 0.031458 0.053723 -1
0 32.071068 1.000000 8.622816 0.044719 0.040459 -1
0 0.000000 -28.242643 8.622816 0.031458 0.052554 -1
0 29.242641 1.000000 8.622816 0.043549 0.040459 -1
0 19.000000 14.071068 8.622816 0.039314 0.035053 -1
0 19.000000 11.242641 8.622816 0.039314 0.036223 -1
0 11.000000 6.071067 8.622816 0.036343 0.038362 -1
0 9.000000 1.242640 8.622816 0.035516 0.040283 -1
0 11.000000 30.000000 8.622816 0.036343 0.028465 -1
0 9.000000 28.000000 8.622816 0.035516 0.029292 -1
0 -11.000000 30.000000 8.622816 0.026572 0.028465 -1
0 -9.000000 28.000000 8.622816 0.027399 0.029292 -1
0 -11.000000 6.071067 8.622816 0.026572 0.038362 -1
0 -9.000000 1.242640 8.622816 0.027399 0.040283 -1
0 -19.000000 14.071068 8.622816 0.023601 0.035053 -1
0 -19.000000 11.242641 8.622816 0.023601 0.036223 -1
0 -32.071068 1.000000 8.622816 0.018196 0.040459 -1
0 -29.242641 1.000000 8.622816 0.019366 0.040459 -1
0 0.000000 -28.242643 8.622816 0.500000 0.936456 -1
0 29.242641 1.000000 8.622816 0.950939 0.485414 -1
0 0.000000 -24.000000 8.622816 0.500000 0.871017 -1
0 25.000000 1.000000 8.622816 0.885515 0.485414 -1
0 19.000000 11.242641 8.622816 0.792992 0.327431 -1
0 19.000000 7.000000 8.622816 0.792992 0.392870 -1
0 9.000000 1.242640 8.622816 0.651355 0.478852 -1
0 6.000000 -6.000000 8.622816 0.592524 0.593383 -1
0 9.000000 28.000000 8.622816 0.651355 0.068964 -1
0 6.000000 25.000000 8.622816 0.592524 0.115236 -1
0 -9.000000 28.000000 8.622816 0.348646 0.068964 -1
0 -6.000000 25.000000 8.622816 0.407477 0.115236 -1
0 -9.000000 1.242640 8.622816 0.348646 0.478852 -1
0 -6.000000 -6.000000 8.622816 0.407477 0.593383 -1
0 -19.000000 11.242641 8.622816 0.207009 0.327431 -1
0 -19.000000 7.000000 8.622816 0.207009 0.392870 -1
0 -29.242641 1.000000 8.622816 0.049061 0.485414 -1
0 -25.000000 1.000000 8.622816 0.114485 0.485414 -1
0 0.003530 -23.438393 8.622816 0.503354 0.849639 -1
0 24.219559 0.792938 8.622816 0.862324 0.490267 -1
0 19.000000 6.000001 8.622816 0.784931 0.413042 -1
0 0.003530 -12.972013 8.622816 0.503354 0.694413 -1
0 0.006654 -7.319974 8.622816 0.500000 0.612434 -1
0 -18.986691 6.000001 8.622816 0.221776 0.413042 -1
0 -24.206251 0.792942 8.622816 0.144383 0.490267 -1
0 5.932364 -1.384737 8.622816 0.591481 0.520812 -1
0 -5.928834 -1.384737 8.622816 0.408520 0.520812 -1
0 5.932364 3.797693 8.622816 0.591481 0.442263 -1
0 5.932364 13.678823 8.622816 0.591481 0.289855 -1
0 5.932364 7.850110 8.622816 0.591481 0.379758 -1
0 -5.928834 7.850108 8.622816 0.408520 0.379758 -1
0 -5.928834 13.678824 8.622816 0.408520 0.289855 -1
0 -5.928834 3.797693 8.622816 0.408520 0.442262 -1
0 -5.928834 18.085644 8.622816 0.408520 0.221884 -1
0 -5.928834 23.914360 8.622816 0.408520 0.131981 -1
0 5.932364 18.085644 8.622816 0.591481 0.221884 -1
0 5.932364 23.914360 8.622816 0.591481 0.131981 -1
0 0.003530 -12.972013 8.622816 0.664104 0.735058 -1
0 0.003530 -23.438393 8.622816 0.820240 0.891194 -1
0 24.219559 0.792938 8.622816 0.806601 0.181875 -1
0 19.000000 6.000001 8.622816 0.653930 0.179190 -1
0 5.932364 3.797693 8.622816 0.499031 0.399797 -1
0 0.003530 3.797693 8.622816 0.413937 0.484891 -1
0 0.006654 -7.319974 8.622816 0.579721 0.650956 -1
0 5.932364 -1.384737 8.622816 0.576341 0.477107 -1
0 5.932364 23.914360 8.622816 0.198934 0.099699 -1
0 0.003530 23.914360 8.622816 0.113840 0.184793 -1
0 0.003530 18.085644 8.622816 0.200791 0.271745 -1
0 5.932364 18.085644 8.622816 0.285886 0.186651 -1
0 5.932364 13.678823 8.622816 0.351626 0.252391 -1
0 0.003530 13.678824 8.622816 0.266532 0.337486 -1
0 0.003530 7.850108 8.622816 0.353483 0.424438 -1
0 5.932364 7.850110 8.622816 0.438578 0.339343 -1
0 -24.206251 0.792942 8.622816 0.806601 0.181875 -1
0 -18.986691 6.000001 8.622816 0.653930 0.179190 -1
0 -5.928834 3.797693 8.622816 0.499031 0.399797 -1
0 -5.928834 -1.384737 8.622816 0.576341 0.477107 -1
0 -5.928834 23.914360 8.622816 0.198934 0.099699 -1
0 -5.928834 18.085644 8.622816 0.285886 0.186651 -1
0 -5.928834 13.678824 8.622816 0.351626 0.252391 -1
0 -5.928834 7.850108 8.622816 0.438578 0.339343 -1
1
0.000000 0.000000 1.000000
86
0 0 1 2 0 0 0 1
0 1 3 2 0 0 0 1
0 1 4 3 0 0 0 1
0 4 5 3 0 0 0 1
0 4 6 5 0 0 0 1
0 6 7 5 0 0 0 1
0 6 8 7 0 0 0 1
0 8 9 7 0 0 0 1
0 8 10 9 0 0 0 1
0 10 11 9 0 0 0 1
0 10 12 11 0 0 0 1
0 12 13 11 0 0 0 1
0 12 14 13 0 0 0 1
0 14 15 13 0 0 0 1
0 14 16 15 0 0 0 1
0 16 17 15 0 0 0 1
0 16 0 17 0 0 0 1
0 0 2 17 0 0 0 1
0 18 19 20 0 0 0 6
0 19 21 20 0 0 0 6
0 19 22 21 0 0 0 6
0 22 23 21 0 0 0 6
0 22 24 23 0 0 0 6
0 24 25 23 0 0 0 6
0 24 26 25 0 0 0 6
0 26 27 25 0 0 0 6
0 26 28 27 0 0 0 6
0 28 29 27 0 0 0 6
0 28 30 29 0 0 0 6
0 30 31 29 0 0 0 6
0 30 32 31 0 0 0 6
0 32 33 31 0 0 0 6
0 32 34 33 0 0 0 6
0 34 35 33 0 0 0 6
0 34 18 35 0 0 0 6
0 18 20 35 0 0 0 6
0 36 20 21 0 0 0 1
0 36 21 37 0 0 0 1
0 37 21 23 0 0 0 1
0 37 23 38 0 0 0 1
0 39 38 23 0 0 0 1
0 25 40 39 0 0 0 1
0 23 25 39 0 0 0 1
0 33 41 39 0 0 0 1
0 39 40 31 0 0 0 1
0 39 31 33 0 0 0 1
0 41 33 35 0 0 0 1
0 41 35 42 0 0 0 1
0 42 35 20 0 0 0 1
0 42 20 36 0 0 0 1
0 25 43 40 0 0 0 1
0 40 44 31 0 0 0 1
0 45 43 25 0 0 0 1
0 25 46 47 0 0 0 1
0 25 47 45 0 0 0 1
0 48 49 31 0 0 0 1
0 31 44 50 0 0 0 1
0 31 50 48 0 0 0 1
0 51 52 29 0 0 0 1
0 29 49 51 0 0 0 1
0 53 46 27 0 0 0 1
0 27 54 53 0 0 0 1
0 27 46 25 0 0 0 1
0 31 49 29 0 0 0 1
0 29 52 54 0 0 0 1
0 29 54 27 0 0 0 1
0 51 49 46 0 0 0 1
0 51 46 53 0 0 0 1
0 47 48 50 0 0 0 1
0 47 50 45 0 0 0 1
0 55 56 57 0 0 0 1
0 55 57 58 0 0 0 1
0 59 60 61 0 0 0 1
0 59 61 62 0 0 0 1
0 63 64 65 0 0 0 1
0 63 65 66 0 0 0 1
0 67 68 69 0 0 0 1
0 67 69 70 0 0 0 1
0 56 55 71 0 0 0 1
0 71 55 72 0 0 0 1
0 60 73 61 0 0 0 1
0 61 73 74 0 0 0 1
0 64 75 65 0 0 0 1
0 65 75 76 0 0 0 1
0 68 77 69 0 0 0 1
0 69 77 78 0 0 0 1
"Duplicate13" 1 0
79
1 0.000000 -31.071070 10.622816 0.031458 0.053723 -1
1 32.071068 1.000000 10.622816 0.044719 0.040459 -1
1 0.000000 -28.242643 10.622816 0.031458 0.052554 -1
1 29.242641 1.000000 10.622816 0.043549 0.040459 -1
1 19.000000 14.071068 10.622816 0.039314 0.035053 -1
1 19.000000 11.242641 10.622816 0.039314 0.036223 -1
1 11.000000 6.071067 10.622816 0.036343 0.038362 -1
1 9.000000 1.242640 10.622816 0.035516 0.040283 -1
1 11.000000 30.000000 10.622816 0.036343 0.028465 -1
1 9.000000 28.000000 10.622816 0.035516 0.029292 -1
1 -11.000000 30.000000 10.622816 0.026572 0.028465 -1
1 -9.000000 28.000000 10.622816 0.027399 0.029292 -1
1 -11.000000 6.071067 10.622816 0.026572 0.038362 -1
1 -9.000000 1.242640 10.622816 0.027399 0.040283 -1
1 -19.000000 14.071068 10.622816 0.023601 0.035053 -1
1 -19.000000 11.242641 10.622816 0.023601 0.036223 -1
1 -32.071068 1.000000 10.622816 0.018196 0.040459 -1
1 -29.242641 1.000000 10.622816 0.019366 0.040459 -1
1 0.000000 -28.242643 10.622816 0.500000 0.936456 -1
1 29.242641 1.000000 10.622816 0.950939 0.485414 -1
1 0.000000 -24.000000 10.622816 0.500000 0.871017 -1
1 25.000000 1.000000 10.622816 0.885515 0.485414 -1
1 19.000000 11.242641 10.622816 0.792992 0.327431 -1
1 19.000000 7.000000 10.622816 0.792992 0.392870 -1
1 9.000000 1.242640 10.622816 0.651355 0.478852 -1
1 6.000000 -6.000000 10.622816 0.592524 0.593383 -1
1 9.000000 28.000000 10.622816 0.651355 0.068964 -1
1 6.000000 25.000000 10.622816 0.592524 0.115236 -1
1 -9.000000 28.000000 10.622816 0.348646 0.068964 -1
1 -6.000000 25.000000 10.622816 0.407477 0.115236 -1
1 -9.000000 1.242640 10.622816 0.348646 0.478852 -1
1 -6.000000 -6.000000 10.622816 0.407477 0.593383 -1
1 -19.000000 11.242641 10.622816 0.207009 0.327431 -1
1 -19.000000 7.000000 10.622816 0.207009 0.392870 -1
1 -29.242641 1.000000 10.622816 0.049061 0.485414 -1
1 -25.000000 1.000000 10.622816 0.114485 0.485414 -1
1 0.003530 -23.438393 10.622816 0.503354 0.849639 -1
1 24.219559 0.792938 10.622816 0.862324 0.490267 -1
1 19.000000 6.000001 10.622816 0.784931 0.413042 -1
1 0.003530 -12.972013 10.622816 0.503354 0.694413 -1
1 0.006654 -7.319974 10.622816 0.500000 0.612434 -1
1 -18.986691 6.000001 10.622816 0.221776 0.413042 -1
1 -24.206251 0.792942 10.622816 0.144383 0.490267 -1
1 5.932364 -1.384737 10.622816 0.591481 0.520812 -1
1 -5.928834 -1.384737 10.622816 0.408520 0.520812 -1
1 5.932364 3.797693 10.622816 0.591481 0.442263 -1
1 5.932364 13.678823 10.622816 0.591481 0.289855 -1
1 5.932364 7.850110 10.622816 0.591481 0.379758 -1
1 -5.928834 7.850108 10.622816 0.408520 0.379758 -1
1 -5.928834 13.678824 10.622816 0.408520 0.289855 -1
1 -5.928834 3.797693 10.622816 0.408520 0.442262 -1
1 -5.928834 18.085644 10.622816 0.408520 0.221884 -1
1 -5.928834 23.914360 10.622816 0.408520 0.131981 -1
1 5.932364 18.085644 10.622816 0.591481 0.221884 -1
1 5.932364 23.914360 10.622816 0.591481 0.131981 -1
1 0.003530 -12.972013 10.622816 0.664104 0.735058 -1
1 0.003530 -23.438393 10.622816 0.820240 0.891194 -1
1 24.219559 0.792938 10.622816 0.806601 0.181875 -1
1 19.000000 6.000001 10.622816 0.653930 0.179190 -1
1 5.932364 3.797693 10.622816 0.499031 0.399797 -1
1 0.003530 3.797693 10.622816 0.413937 0.484891 -1
1 0.006654 -7.319974 10.622816 0.579721 0.650956 -1
1 5.932364 -1.384737 10.622816 0.576341 0.477107 -1
1 5.932364 23.914360 10.622816 0.198934 0.099699 -1
1 0.003530 23.914360 10.622816 0.113840 0.184793 -1
1 0.003530 18.085644 10.622816 0.200791 0.271745 -1
1 5.932364 18.085644 10.622816 0.285886 0.186651 -1
1 5.932364 13.678823 10.622816 0.351626 0.252391 -1
1 0.003530 13.678824 10.622816 0.266532 0.337486 -1
1 0.003530 7.850108 10.622816 0.353483 0.424438 -1
1 5.932364 7.850110 10.622816 0.438578 0.339343 -1
1 -24.206251 0.792942 10.622816 0.806601 0.181875 -1
1 -18.986691 6.000001 10.622816 0.653930 0.179190 -1
1 -5.928834 3.797693 10.622816 0.499031 0.399797 -1
1 -5.928834 -1.384737 10.622816 0.576341 0.477107 -1
1 -5.928834 23.914360 10.622816 0.198934 0.099699 -1
1 -5.928834 18.085644 10.622816 0.285886 0.186651 -1
1 -5.928834 13.678824 10.622816 0.351626 0.252391 -1
1 -5.928834 7.850108 10.622816 0.438578 0.339343 -1
1
0.000000 0.000000 1.000000
86
1 0 1 2 0 0 0 1
1 1 3 2 0 0 0 1
1 1 4 3 0 0 0 1
1 4 5 3 0 0 0 1
1 4 6 5 0 0 0 1
1 6 7 5 0 0 0 1
1 6 8 7 0 0 0 1
1 8 9 7 0 0 0 1
1 8 10 9 0 0 0 1
1 10 11 9 0 0 0 1
1 10 12 11 0 0 0 1
1 12 13 11 0 0 0 1
1 12 14 13 0 0 0 1
1 14 15 13 0 0 0 1
1 14 16 15 0 0 0 1
1 16 17 15 0 0 0 1
1 16 0 17 0 0 0 1
1 0 2 17 0 0 0 1
1 18 19 20 0 0 0 6
1 19 21 20 0 0 0 6
1 19 22 21 0 0 0 6
1 22 23 21 0 0 0 6
1 22 24 23 0 0 0 6
1 24 25 23 0 0 0 6
1 24 26 25 0 0 0 6
1 26 27 25 0 0 0 6
1 26 28 27 0 0 0 6
1 28 29 27 0 0 0 6
1 28 30 29 0 0 0 6
1 30 31 29 0 0 0 6
1 30 32 31 0 0 0 6
1 32 33 31 0 0 0 6
1 32 34 33 0 0 0 6
1 34 35 33 0 0 0 6
1 34 18 35 0 0 0 6
1 18 20 35 0 0 0 6
1 36 20 21 0 0 0 1
1 36 21 37 0 0 0 1
1 37 21 23 0 0 0 1
1 37 23 38 0 0 0 1
1 39 38 23 0 0 0 1
1 25 40 39 0 0 0 1
1 23 25 39 0 0 0 1
1 33 41 39 0 0 0 1
1 39 40 31 0 0 0 1
1 39 31 33 0 0 0 1
1 41 33 35 0 0 0 1
1 41 35 42 0 0 0 1
1 42 35 20 0 0 0 1
1 42 20 36 0 0 0 1
1 25 43 40 0 0 0 1
1 40 44 31 0 0 0 1
1 45 43 25 0 0 0 1
1 25 46 47 0 0 0 1
1 25 47 45 0 0 0 1
1 48 49 31 0 0 0 1
1 31 44 50 0 0 0 1
1 31 50 48 0 0 0 1
1 51 52 29 0 0 0 1
1 29 49 51 0 0 0 1
1 53 46 27 0 0 0 1
1 27 54 53 0 0 0 1
1 27 46 25 0 0 0 1
1 31 49 29 0 0 0 1
1 29 52 54 0 0 0 1
1 29 54 27 0 0 0 1
1 51 49 46 0 0 0 1
1 51 46 53 0 0 0 1
1 47 48 50 0 0 0 1
1 47 50 45 0 0 0 1
1 55 56 57 0 0 0 1
1 55 57 58 0 0 0 1
1 59 60 61 0 0 0 1
1 59 61 62 0 0 0 1
1 63 64 65 0 0 0 1
1 63 65 66 0 0 0 1
1 67 68 69 0 0 0 1
1 67 69 70 0 0 0 1
1 56 55 71 0 0 0 1
1 71 55 72 0 0 0 1
1 60 73 61 0 0 0 1
1 61 73 74 0 0 0 1
1 64 75 65 0 0 0 1
1 65 75 76 0 0 0 1
1 68 77 69 0 0 0 1
1 69 77 78 0 0 0 1

Materials: 2
"scroller"
0.588235 0.588235 0.588235 1.000000
0.588235 0.588235 0.588235 1.000000
0.898039 0.898039 0.898039 1.000000
0.000000 0.000000 0.000000 1.000000
12.799999
1.000000
"_4THS.PNG"
""
"01 - Default"
0.588235 0.588235 0.588235 1.000000
0.588235 0.588235 0.588235 1.000000
0.898039 0.898039 0.898039 1.000000
0.000000 0.000000 0.000000 1.000000
12.799999
1.000000
"SHELL.PNG"
""

Bones: 0
GroupComments: 0
MaterialComments: 0
BoneComments: 0
ModelComment: 0
