// MilkShape 3D ASCII

Frames: 30
Frame: 1

Meshes: 4
"arrow" 1 0
12
1 5.000000 24.000000 7.450000 0.536171 0.301126 -1
1 0.000000 24.000000 7.450000 0.534100 0.367417 -1
1 0.000000 -23.000000 7.450000 0.551018 0.908796 -1
1 5.000000 -7.000000 7.450000 0.546875 0.643631 -1
1 24.000000 1.000000 7.450000 0.551018 0.356369 -1
1 19.000000 6.000000 7.450000 0.546875 0.356369 -1
1 -5.000000 -7.000000 7.450000 0.546875 0.643631 -1
1 -19.000000 6.000000 7.450000 0.546875 0.356369 -1
1 -24.000000 1.000000 7.450000 0.542731 0.356369 -1
1 0.000000 -23.000000 7.450000 0.542731 0.908796 -1
1 0.000000 24.000000 7.450000 0.559649 0.367417 -1
1 -5.000000 24.000000 7.450000 0.557578 0.301126 -1
1
0.000000 0.000000 1.000000
8
1 0 1 2 0 0 0 11
1 3 0 2 0 0 0 11
1 3 2 4 0 0 0 11
1 5 3 4 0 0 0 11
1 6 7 8 0 0 0 11
1 6 8 9 0 0 0 11
1 6 9 10 0 0 0 11
1 11 6 10 0 0 0 11
"frame" 0 1
36
2 0.000000 -28.242641 0.000000 0.125000 1.000000 -1
2 29.242641 1.000000 0.000000 0.125000 0.480063 -1
2 0.000000 -23.000000 7.500000 0.250000 0.906785 -1
2 24.000000 1.000000 7.500000 0.250000 0.480063 -1
2 19.000000 11.242641 0.000000 0.125000 0.297948 -1
2 19.000000 6.000000 7.500000 0.250000 0.391162 -1
2 9.000000 1.242640 0.000000 0.125000 0.475749 -1
2 5.000000 -7.000000 7.500000 0.250000 0.622304 -1
2 9.000000 28.000000 0.000000 0.125000 0.000000 -1
2 5.000000 24.000000 7.500000 0.250000 0.071120 -1
2 -9.000000 28.000000 0.000000 0.125000 0.000000 -1
2 -5.000000 24.000000 7.500000 0.250000 0.071120 -1
2 -9.000000 1.242640 0.000000 0.125000 0.475749 -1
2 -5.000000 -7.000000 7.500000 0.250000 0.622304 -1
2 -19.000000 11.242641 0.000000 0.125000 0.297948 -1
2 -19.000000 6.000000 7.500000 0.250000 0.391162 -1
2 -29.242641 1.000000 0.000000 0.125000 0.480063 -1
2 -24.000000 1.000000 7.500000 0.250000 0.480063 -1
2 0.000000 -31.071068 0.000000 0.062500 0.980509 -1
2 32.071068 1.000000 0.000000 0.125139 0.479399 -1
2 0.000000 -28.242641 0.000000 0.062500 0.936315 -1
2 29.242641 1.000000 0.000000 0.119614 0.479399 -1
2 19.000000 14.071068 0.000000 0.099609 0.275164 -1
2 19.000000 11.242641 0.000000 0.099609 0.319358 -1
2 11.000000 6.071067 0.000000 0.083984 0.400164 -1
2 9.000000 1.242640 0.000000 0.080078 0.475608 -1
2 11.000000 30.000000 0.000000 0.083984 0.026274 -1
2 9.000000 28.000000 0.000000 0.080078 0.057524 -1
2 -11.000000 30.000000 0.000000 0.041015 0.026274 -1
2 -9.000000 28.000000 0.000000 0.044921 0.057524 -1
2 -11.000000 6.071067 0.000000 0.041015 0.400163 -1
2 -9.000000 1.242640 0.000000 0.044921 0.475608 -1
2 -19.000000 14.071068 0.000000 0.025391 0.275163 -1
2 -19.000000 11.242641 0.000000 0.025391 0.319358 -1
2 -32.071068 1.000000 0.000000 -0.000139 0.479399 -1
2 -29.242641 1.000000 0.000000 0.005385 0.479399 -1
19
-0.263545 -0.790634 0.552668
0.790634 -0.263545 0.552668
0.263545 -0.790634 0.552668
0.790634 0.263545 0.552668
0.263545 0.790634 0.552668
-0.258181 0.804057 0.535571
-0.197616 0.689378 0.696926
0.605034 0.354900 0.712727
0.727393 0.363696 0.581914
0.363696 0.727393 0.581914
-0.363696 0.727393 0.581914
-0.727393 0.363696 0.581914
-0.602596 0.357005 0.713740
0.201817 0.695435 0.689667
0.261263 0.807858 0.528305
-0.272011 0.788705 0.551320
-0.790634 0.263545 0.552668
-0.790634 -0.263545 0.552668
0.000000 0.000000 1.000000
36
0 0 1 2 0 1 2 6
0 1 3 2 1 3 2 6
0 1 4 3 1 4 3 6
0 4 5 3 4 5 3 6
0 4 6 5 4 6 5 6
0 6 7 5 6 7 5 6
0 6 8 7 6 8 7 6
0 8 9 7 8 9 7 6
0 8 10 9 8 10 9 6
0 10 11 9 10 11 9 6
0 10 12 11 10 12 11 6
0 12 13 11 12 13 11 6
0 12 14 13 12 14 13 6
0 14 15 13 14 15 13 6
0 14 16 15 14 16 15 6
0 16 17 15 16 17 15 6
0 16 0 17 16 0 17 6
0 0 2 17 0 2 17 6
0 18 19 20 18 18 18 1
0 19 21 20 18 18 18 1
0 19 22 21 18 18 18 1
0 22 23 21 18 18 18 1
0 22 24 23 18 18 18 1
0 24 25 23 18 18 18 1
0 24 26 25 18 18 18 1
0 26 27 25 18 18 18 1
0 26 28 27 18 18 18 1
0 28 29 27 18 18 18 1
0 28 30 29 18 18 18 1
0 30 31 29 18 18 18 1
0 30 32 31 18 18 18 1
0 32 33 31 18 18 18 1
0 32 34 33 18 18 18 1
0 34 35 33 18 18 18 1
0 34 18 35 18 18 18 1
0 18 20 35 18 18 18 1
"Duplicate01" 0 1
36
0 0.000000 -23.000000 -7.500000 0.250000 0.906785 -1
0 29.242641 1.000000 -0.000000 0.125000 0.480063 -1
0 0.000000 -28.242641 -0.000000 0.125000 1.000000 -1
0 24.000000 1.000000 -7.500000 0.250000 0.480063 -1
0 19.000000 11.242641 -0.000000 0.125000 0.297948 -1
0 19.000000 6.000000 -7.500000 0.250000 0.391162 -1
0 9.000000 1.242640 -0.000000 0.125000 0.475749 -1
0 5.000000 -7.000000 -7.500000 0.250000 0.622304 -1
0 9.000000 28.000000 -0.000000 0.125000 0.000000 -1
0 5.000000 24.000000 -7.500000 0.250000 0.071120 -1
0 -9.000000 28.000000 -0.000000 0.125000 0.000000 -1
0 -5.000000 24.000000 -7.500000 0.250000 0.071120 -1
0 -9.000000 1.242640 -0.000000 0.125000 0.475749 -1
0 -5.000000 -7.000000 -7.500000 0.250000 0.622304 -1
0 -19.000000 11.242641 -0.000000 0.125000 0.297948 -1
0 -19.000000 6.000000 -7.500000 0.250000 0.391162 -1
0 -29.242641 1.000000 -0.000000 0.125000 0.480063 -1
0 -24.000000 1.000000 -7.500000 0.250000 0.480063 -1
0 0.000000 -28.242641 -0.000000 0.062500 0.936315 -1
0 32.071068 1.000000 -0.000000 0.125139 0.479399 -1
0 0.000000 -31.071068 -0.000000 0.062500 0.980509 -1
0 29.242641 1.000000 -0.000000 0.119614 0.479399 -1
0 19.000000 14.071068 -0.000000 0.099609 0.275164 -1
0 19.000000 11.242641 -0.000000 0.099609 0.319358 -1
0 11.000000 6.071067 -0.000000 0.083984 0.400164 -1
0 9.000000 1.242640 -0.000000 0.080078 0.475608 -1
0 11.000000 30.000000 -0.000000 0.083984 0.026274 -1
0 9.000000 28.000000 -0.000000 0.080078 0.057524 -1
0 -11.000000 30.000000 -0.000000 0.041015 0.026274 -1
0 -9.000000 28.000000 -0.000000 0.044921 0.057524 -1
0 -11.000000 6.071067 -0.000000 0.041015 0.400163 -1
0 -9.000000 1.242640 -0.000000 0.044921 0.475608 -1
0 -19.000000 14.071068 -0.000000 0.025391 0.275163 -1
0 -19.000000 11.242641 -0.000000 0.025391 0.319358 -1
0 -32.071068 1.000000 -0.000000 -0.000139 0.479399 -1
0 -29.242641 1.000000 -0.000000 0.005385 0.479399 -1
19
0.263545 -0.790634 -0.552668
0.790634 -0.263545 -0.552668
-0.263545 -0.790634 -0.552668
0.790634 0.263545 -0.552668
0.263545 0.790634 -0.552668
-0.258181 0.804057 -0.535571
-0.197616 0.689378 -0.696926
0.605034 0.354900 -0.712727
0.727393 0.363696 -0.581914
0.363696 0.727393 -0.581914
-0.363696 0.727393 -0.581914
-0.727393 0.363696 -0.581914
-0.602596 0.357005 -0.713740
0.201817 0.695435 -0.689667
0.261263 0.807858 -0.528305
-0.272011 0.788705 -0.551320
-0.790634 0.263545 -0.552668
-0.790634 -0.263545 -0.552668
0.000000 0.000000 -1.000000
36
0 0 1 2 0 1 2 6
0 0 3 1 0 3 1 6
0 3 4 1 3 4 1 6
0 3 5 4 3 5 4 6
0 5 6 4 5 6 4 6
0 5 7 6 5 7 6 6
0 7 8 6 7 8 6 6
0 7 9 8 7 9 8 6
0 9 10 8 9 10 8 6
0 9 11 10 9 11 10 6
0 11 12 10 11 12 10 6
0 11 13 12 11 13 12 6
0 13 14 12 13 14 12 6
0 13 15 14 13 15 14 6
0 15 16 14 15 16 14 6
0 15 17 16 15 17 16 6
0 17 2 16 17 2 16 6
0 17 0 2 17 0 2 6
0 18 19 20 18 18 18 1
0 18 21 19 18 18 18 1
0 21 22 19 18 18 18 1
0 21 23 22 18 18 18 1
0 23 24 22 18 18 18 1
0 23 25 24 18 18 18 1
0 25 26 24 18 18 18 1
0 25 27 26 18 18 18 1
0 27 28 26 18 18 18 1
0 27 29 28 18 18 18 1
0 29 30 28 18 18 18 1
0 29 31 30 18 18 18 1
0 31 32 30 18 18 18 1
0 31 33 32 18 18 18 1
0 33 34 32 18 18 18 1
0 33 35 34 18 18 18 1
0 35 20 34 18 18 18 1
0 35 18 20 18 18 18 1
"Duplicate02" 1 0
12
1 0.000000 -23.000000 -7.450000 0.551018 0.908796 -1
1 0.000000 24.000000 -7.450000 0.534100 0.367417 -1
1 5.000000 24.000000 -7.450000 0.536171 0.301126 -1
1 5.000000 -7.000000 -7.450000 0.546875 0.643631 -1
1 24.000000 1.000000 -7.450000 0.551018 0.356369 -1
1 19.000000 6.000000 -7.450000 0.546875 0.356369 -1
1 -24.000000 1.000000 -7.450000 0.542731 0.356369 -1
1 -19.000000 6.000000 -7.450000 0.546875 0.356369 -1
1 -5.000000 -7.000000 -7.450000 0.546875 0.643631 -1
1 0.000000 -23.000000 -7.450000 0.542731 0.908796 -1
1 0.000000 24.000000 -7.450000 0.559649 0.367417 -1
1 -5.000000 24.000000 -7.450000 0.557578 0.301126 -1
1
0.000000 0.000000 -1.000000
8
1 0 1 2 0 0 0 11
1 0 2 3 0 0 0 11
1 4 0 3 0 0 0 11
1 4 3 5 0 0 0 11
1 6 7 8 0 0 0 11
1 9 6 8 0 0 0 11
1 10 9 8 0 0 0 11
1 10 8 11 0 0 0 11

Materials: 2
"19 - Default"
0.588235 0.588235 0.588235 1.000000
0.588235 0.588235 0.588235 1.000000
0.898039 0.898039 0.898039 1.000000
0.000000 0.000000 0.000000 1.000000
12.799999
1.000000
"Tap Note parts (mipmaps).png"
""
"Material01"
0.200000 0.200000 0.200000 1.000000
0.800000 0.800000 0.800000 1.000000
0.000000 0.000000 0.000000 1.000000
0.000000 0.000000 0.000000 1.000000
0.000000
1.000000
"Tap Note parts (mipmaps).png"
""

Bones: 0
GroupComments: 0
MaterialComments: 0
BoneComments: 0
ModelComment: 0
